Class: 1
[0, 0, 0, 0, 1, 0, 0]     0
[0, 1, 1, 1, 0, 0, 0]     1
[1, 0, 1, 0, 0, 1, 0]     2
[1, 1, 1, 1, 0, 1, 0]     3
[1, 0, 0, 1, 0, 0, 1]     4
[1, 1, 1, 1, 0, 0, 1]     5
[1, 0, 1, 1, 0, 1, 1]     6
[0, 0, 0, 0, 1, 0, 0]     7

Class 1 : start and end of the cycle: 0, 7


Class: 2
[0, 0, 0, 0, 1, 0, 0]     0
[0, 1, 0, 1, 0, 0, 1]     1
[0, 1, 0, 1, 0, 0, 1]     2

Class 2 : start and end of the cycle: 1, 2


Class: 3
[0, 0, 0, 0, 1, 0, 0]     0
[0, 1, 1, 0, 0, 0, 1]     1
[0, 1, 1, 0, 0, 0, 1]     2

Class 3 : start and end of the cycle: 1, 2


