64

91 455 1274 4186 15847 45903 104676 206336 317577 322829 166562 
91 403 1378 4849 16367 46917 111930 219531 328263 329485 166848 
91 364 1456 5265 17030 48633 116935 228436 337233 334386 166835 
91 364 1456 5265 17030 48633 116935 228436 337233 334386 166835 
91 351 1482 5317 17589 49725 119808 231738 340197 334152 166770 
91 377 1430 5148 16887 47853 114387 222768 328939 326300 163806 
91 377 1430 5148 16887 47853 114387 222768 328939 326300 163806 
91 455 1274 4186 15847 45903 104676 206336 317577 322829 166562 
91 377 1430 5148 16887 47853 114387 222768 328939 326300 163806 
91 364 1456 5265 17030 48633 116935 228436 337233 334386 166835 
91 403 1378 4849 16367 46917 111930 219531 328263 329485 166848 
91 364 1456 5265 17030 48633 116935 228436 337233 334386 166835 
91 455 1274 4186 15847 45903 104676 206336 317577 322829 166562 
91 364 1456 5265 17030 48633 116935 228436 337233 334386 166835 
91 364 1456 5265 17134 48607 116558 226681 333905 330447 164742 
91 403 1378 4849 16367 46917 111930 219531 328263 329485 166848 
91 364 1456 5265 17134 48607 116558 226681 333905 330447 164742 
91 364 1456 5265 17134 48607 116558 226681 333905 330447 164742 
91 403 1378 4849 16367 46917 111930 219531 328263 329485 166848 
91 377 1430 5148 16887 47853 114387 222768 328939 326300 163806 
91 377 1430 5148 16887 47853 114387 222768 328939 326300 163806 
91 455 1274 4186 15847 45903 104676 206336 317577 322829 166562 
91 455 1274 4186 15847 45903 104676 206336 317577 322829 166562 
91 351 1482 5317 17589 49725 119808 231738 340197 334152 166770 
91 364 1456 5265 17134 48607 116558 226681 333905 330447 164742 
91 403 1378 4849 16367 46917 111930 219531 328263 329485 166848 
91 364 1456 5265 17134 48607 116558 226681 333905 330447 164742 
91 455 1274 4186 15847 45903 104676 206336 317577 322829 166562 
91 403 1378 4849 16367 46917 111930 219531 328263 329485 166848 
91 364 1456 5265 17030 48633 116935 228436 337233 334386 166835 
91 364 1456 5265 17134 48607 116558 226681 333905 330447 164742 
91 377 1430 5148 16887 47853 114387 222768 328939 326300 163806 
91 377 1430 5148 16887 47853 114387 222768 328939 326300 163806 
91 364 1456 5265 17134 48607 116558 226681 333905 330447 164742 
91 364 1456 5265 17030 48633 116935 228436 337233 334386 166835 
91 403 1378 4849 16367 46917 111930 219531 328263 329485 166848 
91 455 1274 4186 15847 45903 104676 206336 317577 322829 166562 
91 364 1456 5265 17134 48607 116558 226681 333905 330447 164742 
91 403 1378 4849 16367 46917 111930 219531 328263 329485 166848 
91 364 1456 5265 17134 48607 116558 226681 333905 330447 164742 
91 351 1482 5317 17589 49725 119808 231738 340197 334152 166770 
91 455 1274 4186 15847 45903 104676 206336 317577 322829 166562 
91 455 1274 4186 15847 45903 104676 206336 317577 322829 166562 
91 377 1430 5148 16887 47853 114387 222768 328939 326300 163806 
91 377 1430 5148 16887 47853 114387 222768 328939 326300 163806 
91 403 1378 4849 16367 46917 111930 219531 328263 329485 166848 
91 364 1456 5265 17134 48607 116558 226681 333905 330447 164742 
91 364 1456 5265 17134 48607 116558 226681 333905 330447 164742 
91 403 1378 4849 16367 46917 111930 219531 328263 329485 166848 
91 364 1456 5265 17134 48607 116558 226681 333905 330447 164742 
91 364 1456 5265 17030 48633 116935 228436 337233 334386 166835 
91 455 1274 4186 15847 45903 104676 206336 317577 322829 166562 
91 364 1456 5265 17030 48633 116935 228436 337233 334386 166835 
91 403 1378 4849 16367 46917 111930 219531 328263 329485 166848 
91 364 1456 5265 17030 48633 116935 228436 337233 334386 166835 
91 377 1430 5148 16887 47853 114387 222768 328939 326300 163806 
91 455 1274 4186 15847 45903 104676 206336 317577 322829 166562 
91 377 1430 5148 16887 47853 114387 222768 328939 326300 163806 
91 377 1430 5148 16887 47853 114387 222768 328939 326300 163806 
91 351 1482 5317 17589 49725 119808 231738 340197 334152 166770 
91 364 1456 5265 17030 48633 116935 228436 337233 334386 166835 
91 364 1456 5265 17030 48633 116935 228436 337233 334386 166835 
91 403 1378 4849 16367 46917 111930 219531 328263 329485 166848 
91 455 1274 4186 15847 45903 104676 206336 317577 322829 166562 

