// 0=9 // 0=78 // 0=9 // 3=9 // 0=9 // 0=24 // 0=24 // 0=24 // 0=546 // 0=120 // 0=9 // 0=3 // 0=120 // 0=9 //0=9

[1, 0, 0, 0, 0, 0, 0, 0, 0]
[0, 0, 0, 0, 0, 1, 1, 1, 1]     1
[0, 1, 2, 0, 1, 0, 2, 1, 0]     2
[1, 0, 0, 1, 0, 0, 2, 0, 0]     3
[1, 1, 0, 2, 2, 0, 1, 1, 2]     4
[2, 1, 2, 1, 1, 2, 2, 1, 1]     5
[2, 0, 0, 0, 0, 0, 2, 0, 0]     6
[0, 0, 2, 2, 2, 1, 2, 2, 2]     7
[0, 1, 1, 1, 1, 0, 1, 1, 1]     8
[1, 0, 0, 0, 0, 0, 0, 0, 0]     9
0 = 9


[1, 0, 0, 0, 0, 0, 0, 0, 0]
[0, 0, 0, 0, 0, 1, 1, 1, 1]     1
[0, 1, 2, 0, 1, 0, 1, 1, 1]     2
[1, 0, 2, 0, 0, 0, 2, 1, 1]     3
[2, 2, 2, 2, 1, 2, 2, 1, 2]     4
[1, 1, 1, 0, 1, 1, 1, 2, 2]     5
[0, 0, 0, 0, 0, 0, 1, 2, 1]     6
[0, 0, 1, 0, 1, 1, 2, 1, 1]     7
[2, 0, 1, 1, 2, 1, 1, 2, 0]     8
[1, 2, 2, 2, 1, 2, 2, 0, 1]     9
[1, 1, 1, 1, 2, 1, 2, 0, 1]     10
[2, 2, 0, 1, 1, 1, 0, 1, 2]     11
[1, 0, 0, 2, 1, 2, 0, 0, 1]     12
[0, 2, 2, 1, 0, 2, 0, 2, 1]     13
[2, 2, 0, 2, 2, 0, 2, 2, 1]     14
[0, 1, 0, 2, 2, 1, 2, 2, 0]     15
[2, 2, 1, 2, 2, 1, 2, 1, 0]     16
[1, 0, 1, 1, 1, 2, 1, 2, 1]     17
[0, 2, 2, 0, 0, 2, 1, 0, 0]     18
[1, 1, 0, 2, 0, 1, 2, 1, 2]     19
[0, 0, 2, 1, 0, 0, 2, 1, 1]     20
[0, 0, 0, 2, 1, 1, 2, 0, 1]     21
[0, 1, 0, 0, 1, 0, 2, 1, 2]     22
[2, 1, 0, 1, 2, 2, 2, 0, 0]     23
[1, 2, 1, 1, 1, 1, 1, 0, 2]     24
[2, 1, 1, 1, 1, 1, 1, 0, 2]     25
[1, 1, 1, 1, 1, 2, 1, 0, 2]     26
[1, 2, 2, 2, 2, 1, 0, 2, 1]     27
[2, 1, 2, 0, 1, 1, 1, 0, 2]     28
[1, 1, 0, 1, 1, 2, 0, 1, 0]     29
[0, 1, 1, 1, 0, 2, 1, 2, 2]     30
[0, 1, 1, 0, 1, 2, 1, 1, 0]     31
[0, 1, 1, 1, 1, 2, 2, 2, 0]     32
[1, 2, 0, 2, 0, 1, 1, 2, 1]     33
[1, 0, 1, 1, 2, 2, 1, 1, 1]     34
[1, 0, 0, 0, 2, 1, 0, 0, 0]     35
[2, 0, 0, 0, 1, 1, 1, 1, 1]     36
[1, 2, 0, 1, 1, 2, 0, 0, 0]     37
[1, 1, 1, 0, 2, 1, 1, 0, 0]     38
[1, 1, 1, 0, 2, 2, 2, 0, 1]     39
[1, 2, 0, 2, 2, 1, 2, 1, 2]     40
[0, 2, 1, 0, 0, 0, 0, 2, 2]     41
[0, 1, 0, 1, 1, 1, 1, 2, 0]     42
[0, 0, 1, 1, 1, 0, 1, 1, 2]     43
[0, 0, 0, 1, 1, 1, 2, 0, 2]     44
[2, 0, 2, 1, 2, 1, 1, 2, 2]     45
[2, 0, 2, 1, 0, 1, 2, 0, 2]     46
[0, 1, 1, 0, 2, 0, 0, 0, 0]     47
[1, 0, 2, 2, 0, 0, 1, 2, 2]     48
[1, 1, 0, 1, 2, 0, 2, 2, 1]     49
[1, 0, 2, 2, 2, 0, 2, 0, 1]     50
[0, 0, 0, 0, 0, 1, 0, 1, 2]     51
[0, 1, 1, 1, 1, 0, 1, 2, 0]     52
[1, 0, 0, 0, 0, 0, 1, 2, 0]     53
[0, 0, 1, 2, 0, 1, 0, 1, 2]     54
[0, 1, 0, 1, 1, 0, 0, 0, 1]     55
[0, 2, 2, 2, 1, 1, 2, 2, 1]     56
[1, 0, 0, 2, 0, 2, 0, 2, 0]     57
[2, 1, 1, 1, 1, 0, 2, 1, 1]     58
[1, 0, 1, 0, 1, 0, 2, 2, 0]     59
[2, 2, 0, 0, 1, 2, 0, 2, 1]     60
[0, 0, 0, 0, 2, 2, 0, 2, 1]     61
[2, 1, 1, 1, 2, 0, 2, 1, 0]     62
[2, 1, 2, 0, 0, 2, 2, 1, 0]     63
[0, 1, 1, 0, 2, 2, 1, 2, 1]     64
[1, 2, 2, 1, 0, 1, 0, 0, 0]     65
[2, 1, 2, 1, 1, 1, 1, 2, 2]     66
[2, 2, 1, 0, 0, 1, 0, 1, 0]     67
[0, 2, 1, 2, 2, 0, 2, 2, 2]     68
[1, 2, 0, 0, 0, 0, 0, 2, 2]     69
[2, 0, 0, 1, 1, 2, 2, 2, 0]     70
[2, 1, 0, 2, 0, 0, 2, 2, 1]     71
[0, 2, 1, 0, 2, 1, 1, 1, 2]     72
[2, 1, 1, 0, 2, 1, 0, 2, 1]     73
[1, 1, 0, 0, 1, 2, 2, 2, 1]     74
[2, 0, 2, 0, 1, 0, 1, 0, 1]     75
[0, 0, 2, 2, 2, 1, 2, 2, 2]     76
[0, 1, 1, 1, 1, 0, 1, 1, 1]     77
[1, 0, 0, 0, 0, 0, 0, 0, 0]     78
0 = 78


[1, 0, 0, 0, 0, 0, 0, 0, 0]
[0, 0, 0, 0, 0, 1, 1, 1, 1]     1
[0, 1, 2, 0, 1, 2, 2, 1, 1]     2
[1, 2, 2, 2, 0, 2, 1, 1, 2]     3
[0, 0, 2, 1, 0, 0, 0, 1, 0]     4
[0, 0, 1, 1, 1, 2, 1, 2, 2]     5
[0, 2, 2, 0, 1, 2, 1, 0, 2]     6
[2, 2, 1, 1, 2, 2, 1, 0, 2]     7
[0, 0, 0, 2, 2, 2, 0, 1, 0]     8
[1, 0, 0, 0, 0, 0, 0, 0, 0]     9
0 = 9


[1, 0, 0, 0, 0, 0, 0, 0, 0]
[0, 0, 0, 0, 0, 1, 1, 1, 1]     1
[0, 1, 2, 0, 1, 2, 2, 1, 1]     2
[1, 2, 1, 0, 0, 2, 0, 2, 2]     3
[0, 0, 2, 1, 0, 1, 1, 2, 0]     4
[0, 1, 1, 2, 1, 2, 2, 1, 0]     5
[2, 0, 0, 2, 2, 1, 2, 0, 1]     6
[1, 2, 0, 0, 1, 1, 0, 2, 0]     7
[0, 2, 0, 2, 0, 0, 2, 0, 1]     8
[1, 2, 1, 0, 0, 2, 0, 2, 2]     9
3 = 9


[1, 0, 0, 0, 0, 0, 0, 0, 0]
[0, 0, 0, 0, 0, 1, 1, 1, 1]     1
[0, 1, 2, 0, 1, 2, 2, 1, 1]     2
[1, 2, 1, 0, 0, 2, 0, 0, 1]     3
[0, 0, 0, 0, 0, 0, 1, 2, 1]     4
[0, 0, 0, 2, 1, 2, 0, 0, 2]     5
[0, 2, 0, 2, 1, 2, 2, 1, 0]     6
[2, 2, 0, 2, 2, 2, 0, 0, 0]     7
[0, 0, 1, 1, 2, 2, 1, 2, 1]     8
[1, 0, 0, 0, 0, 0, 0, 0, 0]     9
0 = 9


[1, 0, 0, 0, 0, 0, 0, 0, 0]
[0, 0, 0, 0, 0, 1, 1, 1, 1]     1
[0, 1, 2, 0, 1, 2, 2, 1, 1]     2
[1, 2, 1, 0, 0, 1, 1, 2, 2]     3
[0, 2, 0, 1, 0, 0, 0, 2, 2]     4
[0, 1, 0, 2, 1, 1, 1, 2, 2]     5
[1, 1, 0, 2, 0, 1, 1, 2, 2]     6
[0, 0, 2, 1, 0, 2, 2, 0, 0]     7
[0, 2, 0, 1, 1, 2, 2, 1, 1]     8
[1, 1, 2, 0, 0, 2, 2, 1, 1]     9
[0, 1, 0, 2, 0, 2, 2, 0, 0]     10
[0, 1, 1, 1, 1, 0, 0, 0, 0]     11
[1, 0, 2, 1, 0, 1, 1, 2, 2]     12
[0, 1, 1, 1, 0, 1, 1, 1, 1]     13
[0, 0, 0, 0, 1, 0, 0, 0, 0]     14
[1, 1, 1, 1, 0, 0, 0, 0, 0]     15
[0, 2, 1, 0, 0, 2, 2, 0, 0]     16
[0, 0, 2, 1, 1, 1, 1, 2, 2]     17
[1, 2, 2, 2, 0, 0, 0, 0, 0]     18
[0, 1, 2, 0, 0, 0, 0, 2, 2]     19
[0, 2, 2, 2, 1, 0, 0, 0, 0]     20
[1, 2, 0, 1, 0, 2, 2, 1, 1]     21
[0, 0, 1, 2, 0, 0, 0, 2, 2]     22
[0, 0, 1, 2, 1, 2, 2, 1, 1]     23
[1, 0, 0, 0, 0, 0, 0, 0, 0]     24
0 = 24


[1, 0, 0, 0, 0, 0, 0, 0, 0]
[0, 0, 0, 0, 0, 1, 1, 1, 1]     1
[0, 1, 0, 0, 0, 0, 1, 1, 1]     2
[1, 0, 2, 2, 2, 0, 2, 2, 2]     3
[0, 0, 0, 0, 0, 1, 2, 2, 2]     4
[0, 1, 2, 2, 2, 0, 2, 2, 2]     5
[1, 0, 0, 0, 0, 0, 2, 2, 2]     6
[0, 0, 1, 1, 1, 1, 0, 0, 0]     7
[0, 1, 2, 2, 2, 0, 1, 1, 1]     8
[1, 0, 1, 1, 1, 0, 1, 1, 1]     9
[0, 0, 0, 0, 0, 1, 0, 0, 0]     10
[0, 1, 1, 1, 1, 0, 0, 0, 0]     11
[1, 0, 1, 1, 1, 0, 2, 2, 2]     12
[0, 0, 2, 2, 2, 1, 1, 1, 1]     13
[0, 1, 2, 2, 2, 0, 0, 0, 0]     14
[1, 0, 2, 2, 2, 0, 0, 0, 0]     15
[0, 0, 2, 2, 2, 1, 0, 0, 0]     16
[0, 1, 0, 0, 0, 0, 2, 2, 2]     17
[1, 0, 1, 1, 1, 0, 0, 0, 0]     18
[0, 0, 1, 1, 1, 1, 2, 2, 2]     19
[0, 1, 0, 0, 0, 0, 0, 0, 0]     20
[1, 0, 0, 0, 0, 0, 1, 1, 1]     21
[0, 0, 2, 2, 2, 1, 2, 2, 2]     22
[0, 1, 1, 1, 1, 0, 1, 1, 1]     23
[1, 0, 0, 0, 0, 0, 0, 0, 0]     24
0 = 24


[1, 0, 0, 0, 0, 0, 0, 0, 0]
[0, 0, 0, 0, 0, 1, 1, 1, 1]     1
[0, 1, 0, 0, 0, 0, 1, 1, 1]     2
[1, 0, 2, 2, 2, 0, 2, 2, 2]     3
[0, 0, 0, 0, 0, 1, 2, 2, 2]     4
[0, 1, 2, 2, 2, 0, 2, 2, 2]     5
[1, 0, 0, 0, 0, 0, 2, 2, 2]     6
[0, 0, 1, 1, 1, 1, 0, 0, 0]     7
[0, 1, 2, 2, 2, 0, 1, 1, 1]     8
[1, 0, 1, 1, 1, 0, 1, 1, 1]     9
[0, 0, 0, 0, 0, 1, 0, 0, 0]     10
[0, 1, 1, 1, 1, 0, 0, 0, 0]     11
[1, 0, 1, 1, 1, 0, 2, 2, 2]     12
[0, 0, 2, 2, 2, 1, 1, 1, 1]     13
[0, 1, 2, 2, 2, 0, 0, 0, 0]     14
[1, 0, 2, 2, 2, 0, 0, 0, 0]     15
[0, 0, 2, 2, 2, 1, 0, 0, 0]     16
[0, 1, 0, 0, 0, 0, 2, 2, 2]     17
[1, 0, 1, 1, 1, 0, 0, 0, 0]     18
[0, 0, 1, 1, 1, 1, 2, 2, 2]     19
[0, 1, 0, 0, 0, 0, 0, 0, 0]     20
[1, 0, 0, 0, 0, 0, 1, 1, 1]     21
[0, 0, 2, 2, 2, 1, 2, 2, 2]     22
[0, 1, 1, 1, 1, 0, 1, 1, 1]     23
[1, 0, 0, 0, 0, 0, 0, 0, 0]     24
0 = 24


[1, 0, 0, 0, 0, 0, 0, 0, 0]
[0, 0, 0, 0, 0, 1, 1, 1, 1]     1
[0, 1, 0, 0, 0, 2, 2, 1, 1]     2
[1, 2, 2, 2, 1, 2, 1, 2, 0]     3
[1, 1, 1, 1, 2, 1, 1, 2, 0]     4
[2, 2, 2, 1, 1, 2, 2, 0, 1]     5
[0, 0, 2, 0, 2, 1, 0, 0, 2]     6
[1, 2, 1, 2, 1, 1, 1, 2, 2]     7
[0, 2, 0, 2, 0, 0, 0, 1, 2]     8
[1, 2, 0, 2, 0, 0, 0, 0, 2]     9
[1, 2, 2, 2, 2, 0, 0, 1, 0]     10
[2, 0, 0, 2, 0, 1, 1, 2, 2]     11
[2, 0, 0, 1, 2, 0, 2, 0, 0]     12
[0, 0, 0, 1, 2, 1, 2, 0, 1]     13
[0, 1, 1, 0, 0, 0, 1, 2, 2]     14
[2, 1, 0, 0, 0, 1, 0, 0, 0]     15
[1, 1, 1, 1, 0, 2, 1, 0, 0]     16
[0, 1, 1, 0, 2, 1, 1, 0, 1]     17
[1, 1, 2, 2, 0, 0, 2, 2, 0]     18
[2, 1, 0, 2, 0, 0, 1, 1, 0]     19
[0, 2, 1, 1, 2, 0, 1, 2, 1]     20
[0, 1, 1, 1, 2, 2, 1, 1, 1]     21
[2, 0, 2, 0, 1, 1, 1, 0, 0]     22
[0, 1, 2, 0, 0, 0, 0, 2, 2]     23
[0, 2, 2, 2, 0, 1, 0, 0, 0]     24
[0, 2, 0, 1, 2, 0, 0, 1, 1]     25
[2, 0, 2, 0, 2, 1, 0, 1, 2]     26
[1, 2, 2, 2, 2, 1, 1, 1, 1]     27
[2, 1, 2, 2, 2, 2, 2, 0, 0]     28
[1, 2, 0, 0, 1, 1, 2, 2, 1]     29
[0, 2, 2, 2, 2, 2, 0, 1, 2]     30
[2, 2, 2, 0, 2, 2, 2, 0, 1]     31
[0, 0, 1, 1, 2, 2, 0, 2, 2]     32
[1, 0, 2, 0, 2, 0, 1, 0, 1]     33
[1, 1, 1, 1, 1, 1, 1, 2, 1]     34
[1, 1, 2, 1, 2, 2, 2, 1, 1]     35
[0, 1, 0, 1, 0, 2, 2, 1, 0]     36
[2, 0, 0, 1, 0, 1, 1, 2, 0]     37
[1, 2, 2, 2, 0, 1, 2, 0, 0]     38
[0, 2, 2, 0, 1, 1, 1, 2, 1]     39
[2, 1, 1, 1, 0, 1, 2, 0, 2]     40
[0, 0, 1, 2, 2, 1, 1, 0, 0]     41
[2, 0, 1, 1, 2, 2, 1, 2, 2]     42
[1, 0, 0, 1, 0, 2, 0, 2, 1]     43
[1, 0, 2, 0, 0, 1, 2, 0, 1]     44
[2, 0, 0, 1, 2, 2, 2, 2, 2]     45
[0, 2, 1, 2, 0, 2, 0, 2, 1]     46
[2, 2, 0, 0, 1, 0, 0, 2, 0]     47
[0, 1, 2, 1, 2, 2, 0, 1, 1]     48
[0, 1, 1, 2, 1, 1, 1, 0, 0]     49
[2, 2, 1, 0, 2, 1, 2, 0, 0]     50
[2, 1, 0, 2, 0, 1, 2, 1, 1]     51
[0, 0, 0, 1, 1, 1, 2, 0, 2]     52
[2, 0, 1, 0, 1, 0, 1, 0, 2]     53
[2, 2, 1, 1, 1, 2, 2, 1, 1]     54
[2, 2, 0, 0, 2, 2, 1, 0, 1]     55
[1, 1, 0, 0, 2, 2, 0, 2, 2]     56
[0, 1, 1, 0, 1, 1, 0, 1, 2]     57
[0, 0, 2, 1, 1, 1, 0, 0, 2]     58
[1, 2, 2, 1, 1, 0, 1, 0, 2]     59
[0, 1, 2, 1, 2, 1, 0, 0, 0]     60
[0, 0, 2, 0, 2, 2, 2, 2, 0]     61
[1, 0, 0, 0, 0, 1, 1, 0, 1]     62
[0, 1, 2, 0, 2, 2, 2, 2, 2]     63
[2, 0, 0, 2, 2, 0, 2, 0, 2]     64
[1, 1, 1, 0, 1, 0, 2, 0, 1]     65
[0, 2, 2, 1, 1, 0, 2, 0, 2]     66
[0, 1, 0, 2, 0, 0, 2, 2, 0]     67
[0, 2, 0, 2, 1, 2, 0, 0, 0]     68
[2, 2, 1, 0, 0, 1, 1, 1, 2]     69
[0, 2, 0, 1, 2, 2, 0, 0, 0]     70
[2, 2, 0, 1, 0, 2, 1, 0, 2]     71
[0, 0, 1, 2, 0, 1, 0, 1, 2]     72
[0, 1, 1, 0, 1, 0, 2, 1, 1]     73
[0, 2, 0, 1, 2, 0, 2, 2, 1]     74
[2, 0, 2, 2, 2, 2, 1, 1, 1]     75
[0, 2, 0, 0, 2, 0, 2, 2, 2]     76
[1, 2, 1, 0, 0, 0, 1, 1, 1]     77
[0, 1, 2, 2, 1, 0, 1, 1, 2]     78
[0, 2, 1, 1, 0, 1, 2, 2, 1]     79
[1, 0, 0, 1, 0, 0, 2, 1, 2]     80
[1, 1, 1, 1, 2, 1, 2, 1, 0]     81
[2, 2, 2, 2, 1, 1, 1, 0, 2]     82
[1, 0, 1, 2, 2, 2, 2, 2, 1]     83
[2, 1, 2, 1, 0, 0, 2, 1, 1]     84
[1, 0, 1, 0, 0, 1, 1, 2, 1]     85
[1, 2, 1, 0, 2, 1, 1, 2, 0]     86
[2, 1, 1, 1, 1, 2, 0, 0, 2]     87
[1, 2, 0, 2, 0, 2, 2, 0, 1]     88
[1, 1, 0, 2, 0, 2, 2, 0, 2]     89
[0, 1, 0, 0, 1, 0, 1, 0, 1]     90
[2, 1, 1, 0, 2, 2, 1, 2, 2]     91
[1, 2, 2, 1, 0, 2, 1, 2, 2]     92
[2, 2, 0, 2, 1, 2, 1, 0, 0]     93
[2, 2, 2, 1, 1, 0, 0, 0, 2]     94
[0, 1, 1, 0, 1, 2, 1, 1, 0]     95
[0, 1, 1, 1, 0, 2, 1, 1, 0]     96
[0, 1, 2, 0, 0, 1, 1, 2, 0]     97
[0, 0, 1, 2, 2, 2, 1, 1, 1]     98
[2, 1, 0, 0, 1, 1, 0, 0, 2]     99
[2, 2, 1, 1, 2, 2, 1, 2, 0]     100
[0, 0, 0, 2, 1, 0, 2, 2, 0]     101
[0, 0, 0, 0, 1, 0, 2, 2, 2]     102
[1, 1, 1, 2, 0, 2, 2, 2, 2]     103
[1, 2, 2, 0, 1, 2, 0, 0, 2]     104
[2, 2, 2, 2, 1, 1, 2, 2, 2]     105
[1, 0, 1, 0, 2, 1, 1, 2, 2]     106
[0, 1, 1, 0, 0, 1, 1, 0, 0]     107
[2, 2, 2, 2, 2, 0, 2, 1, 0]     108
[2, 0, 2, 1, 2, 2, 2, 0, 2]     109
[2, 1, 2, 2, 0, 0, 1, 2, 0]     110
[2, 1, 2, 1, 2, 1, 2, 2, 0]     111
[0, 0, 0, 2, 0, 0, 0, 1, 1]     112
[2, 2, 0, 1, 2, 2, 1, 0, 0]     113
[2, 2, 1, 2, 1, 1, 0, 2, 2]     114
[0, 2, 2, 1, 2, 1, 1, 2, 2]     115
[1, 0, 2, 0, 1, 0, 2, 2, 2]     116
[0, 0, 1, 2, 2, 0, 0, 0, 2]     117
[2, 2, 2, 1, 0, 1, 0, 1, 1]     118
[2, 1, 0, 2, 1, 1, 0, 0, 0]     119
[1, 1, 0, 2, 0, 0, 1, 2, 0]     120
[0, 2, 2, 1, 0, 0, 1, 1, 0]     121
[2, 0, 0, 1, 1, 1, 0, 0, 2]     122
[2, 0, 2, 1, 2, 2, 0, 2, 2]     123
[2, 1, 2, 0, 0, 2, 0, 2, 1]     124
[0, 1, 1, 0, 2, 2, 1, 1, 2]     125
[1, 2, 1, 1, 2, 2, 1, 0, 0]     126
[0, 0, 1, 2, 2, 0, 2, 1, 2]     127
[2, 2, 2, 0, 0, 2, 1, 1, 0]     128
[1, 1, 1, 0, 1, 0, 1, 1, 1]     129
[0, 2, 2, 0, 1, 1, 0, 0, 1]     130
[2, 1, 1, 0, 0, 2, 0, 0, 1]     131
[2, 0, 2, 0, 2, 0, 2, 1, 1]     132
[1, 1, 0, 2, 0, 0, 0, 0, 0]     133
[0, 2, 2, 0, 0, 1, 2, 1, 2]     134
[1, 0, 1, 2, 1, 0, 1, 1, 0]     135
[1, 1, 1, 2, 0, 0, 2, 0, 0]     136
[1, 0, 1, 2, 0, 1, 2, 1, 2]     137
[0, 1, 0, 2, 0, 1, 0, 2, 1]     138
[0, 0, 2, 2, 0, 0, 1, 1, 1]     139
[1, 1, 1, 2, 2, 2, 1, 0, 0]     140
[0, 1, 2, 2, 2, 0, 1, 1, 1]     141
[1, 0, 1, 1, 2, 1, 2, 1, 1]     142
[1, 2, 2, 0, 2, 2, 0, 0, 1]     143
[0, 0, 2, 2, 0, 1, 2, 1, 2]     144
[1, 2, 0, 2, 1, 0, 2, 1, 1]     145
[2, 0, 2, 1, 1, 1, 1, 0, 2]     146
[1, 2, 0, 2, 2, 2, 0, 2, 2]     147
[0, 0, 0, 0, 1, 1, 1, 1, 0]     148
[1, 2, 0, 0, 2, 2, 2, 0, 1]     149
[1, 1, 1, 1, 0, 1, 2, 1, 2]     150
[0, 0, 2, 2, 0, 1, 1, 2, 2]     151
[1, 2, 0, 1, 1, 1, 0, 1, 0]     152
[1, 0, 0, 2, 1, 0, 2, 1, 0]     153
[0, 0, 2, 0, 0, 0, 2, 0, 0]     154
[2, 2, 2, 2, 1, 0, 0, 0, 1]     155
[1, 2, 2, 2, 0, 1, 1, 1, 0]     156
[0, 2, 2, 2, 1, 2, 2, 2, 0]     157
[1, 1, 2, 2, 0, 0, 0, 1, 0]     158
[2, 1, 0, 0, 0, 2, 0, 1, 1]     159
[1, 2, 0, 0, 2, 1, 0, 1, 0]     160
[1, 0, 2, 0, 1, 1, 2, 0, 0]     161
[0, 1, 0, 1, 1, 2, 2, 1, 2]     162
[0, 1, 0, 1, 2, 1, 1, 1, 0]     163
[1, 1, 1, 1, 2, 0, 0, 2, 2]     164
[2, 1, 0, 1, 2, 1, 1, 2, 0]     165
[1, 1, 2, 1, 0, 0, 0, 1, 1]     166
[1, 0, 2, 1, 1, 0, 0, 1, 1]     167
[1, 1, 2, 2, 1, 1, 2, 0, 0]     168
[0, 0, 2, 1, 1, 2, 0, 1, 0]     169
[1, 0, 1, 0, 0, 2, 0, 1, 2]     170
[1, 0, 0, 1, 1, 1, 1, 0, 2]     171
[2, 0, 0, 2, 0, 1, 2, 1, 2]     172
[2, 0, 0, 2, 2, 2, 1, 0, 1]     173
[1, 0, 2, 0, 2, 2, 1, 2, 0]     174
[1, 0, 2, 2, 2, 2, 2, 1, 1]     175
[0, 2, 1, 1, 0, 2, 1, 1, 2]     176
[1, 1, 2, 2, 2, 0, 2, 2, 1]     177
[1, 0, 0, 2, 1, 0, 1, 2, 0]     178
[0, 0, 2, 2, 0, 1, 0, 0, 2]     179
[1, 2, 0, 0, 1, 2, 1, 1, 2]     180
[0, 0, 1, 0, 1, 2, 0, 2, 1]     181
[2, 1, 1, 1, 1, 1, 1, 1, 1]     182
[1, 1, 1, 1, 1, 2, 2, 2, 2]     183
[1, 2, 1, 1, 1, 0, 0, 2, 2]     184
[2, 0, 0, 0, 2, 0, 2, 0, 1]     185
[2, 2, 2, 2, 0, 2, 2, 0, 1]     186
[0, 0, 0, 2, 2, 0, 0, 1, 2]     187
[1, 1, 0, 1, 0, 2, 1, 1, 0]     188
[2, 0, 2, 0, 2, 2, 2, 0, 0]     189
[1, 0, 1, 0, 1, 1, 1, 2, 0]     190
[2, 0, 1, 0, 1, 1, 1, 1, 0]     191
[2, 0, 0, 0, 0, 1, 1, 2, 1]     192
[0, 1, 1, 0, 1, 2, 2, 0, 0]     193
[0, 1, 1, 2, 0, 1, 0, 1, 1]     194
[1, 1, 1, 2, 0, 2, 0, 1, 2]     195
[1, 2, 2, 1, 1, 1, 2, 0, 0]     196
[0, 2, 1, 1, 1, 2, 1, 1, 1]     197
[2, 2, 2, 2, 1, 0, 2, 1, 1]     198
[1, 2, 2, 1, 0, 2, 2, 1, 2]     199
[2, 2, 0, 0, 1, 1, 0, 0, 1]     200
[0, 2, 1, 0, 1, 1, 2, 2, 1]     201
[1, 0, 2, 2, 0, 1, 2, 0, 2]     202
[1, 2, 2, 2, 0, 0, 2, 2, 2]     203
[0, 1, 0, 1, 2, 2, 2, 1, 1]     204
[1, 2, 0, 1, 1, 1, 1, 0, 0]     205
[1, 0, 0, 0, 1, 2, 1, 1, 1]     206
[1, 0, 1, 2, 0, 1, 1, 2, 2]     207
[0, 1, 0, 1, 0, 2, 1, 2, 0]     208
[2, 0, 0, 0, 0, 2, 2, 2, 2]     209
[0, 2, 0, 0, 0, 0, 0, 1, 1]     210
[2, 0, 1, 1, 2, 2, 0, 0, 2]     211
[1, 0, 0, 0, 0, 0, 1, 2, 0]     212
[0, 0, 0, 1, 0, 0, 0, 1, 2]     213
[1, 1, 2, 2, 0, 0, 1, 0, 0]     214
[2, 1, 0, 1, 0, 1, 2, 1, 2]     215
[2, 2, 2, 2, 2, 2, 2, 0, 2]     216
[2, 2, 0, 2, 0, 0, 0, 2, 2]     217
[1, 2, 1, 2, 1, 0, 0, 2, 1]     218
[0, 1, 1, 2, 1, 2, 2, 0, 1]     219
[2, 0, 0, 0, 1, 2, 0, 1, 1]     220
[1, 0, 0, 1, 2, 2, 2, 0, 2]     221
[0, 2, 2, 2, 1, 2, 0, 1, 0]     222
[1, 1, 2, 0, 0, 2, 2, 1, 1]     223
[0, 1, 2, 2, 0, 0, 2, 0, 0]     224
[2, 1, 1, 2, 1, 0, 1, 0, 2]     225
[2, 1, 0, 1, 1, 2, 0, 1, 2]     226
[0, 1, 1, 2, 0, 0, 0, 0, 0]     227
[1, 0, 2, 0, 1, 0, 1, 0, 2]     228
[0, 0, 1, 1, 2, 1, 1, 0, 1]     229
[1, 2, 0, 2, 0, 0, 1, 2, 2]     230
[1, 2, 2, 0, 2, 2, 2, 1, 1]     231
[0, 0, 2, 1, 0, 2, 0, 1, 1]     232
[0, 2, 1, 0, 1, 2, 0, 2, 2]     233
[1, 1, 1, 2, 2, 2, 0, 1, 0]     234
[0, 1, 2, 1, 2, 1, 2, 1, 0]     235
[0, 0, 2, 2, 2, 0, 0, 2, 2]     236
[0, 0, 1, 1, 0, 0, 2, 1, 2]     237
[2, 2, 1, 1, 0, 0, 1, 0, 0]     238
[1, 2, 2, 1, 2, 2, 1, 2, 0]     239
[1, 1, 0, 2, 2, 2, 1, 1, 0]     240
[2, 0, 0, 2, 2, 1, 2, 1, 0]     241
[1, 2, 0, 2, 0, 2, 1, 1, 1]     242
[1, 1, 0, 1, 0, 0, 0, 0, 1]     243
[2, 1, 1, 1, 1, 2, 2, 1, 2]     244
[1, 2, 0, 1, 0, 0, 0, 0, 0]     245
[0, 1, 1, 0, 0, 1, 0, 1, 0]     246
[2, 2, 2, 1, 2, 1, 0, 1, 2]     247
[1, 0, 0, 2, 2, 1, 0, 1, 0]     248
[1, 2, 1, 0, 1, 1, 0, 0, 1]     249
[1, 0, 1, 0, 2, 0, 1, 1, 1]     250
[0, 0, 2, 1, 1, 2, 2, 2, 0]     251
[1, 0, 1, 2, 0, 0, 1, 1, 1]     252
[0, 0, 1, 2, 1, 0, 2, 1, 0]     253
[1, 1, 2, 0, 1, 2, 1, 2, 0]     254
[1, 2, 2, 1, 2, 1, 0, 2, 2]     255
[1, 0, 1, 2, 0, 1, 0, 0, 2]     256
[0, 1, 0, 0, 0, 0, 2, 2, 2]     257
[1, 0, 1, 1, 0, 1, 0, 0, 0]     258
[2, 0, 2, 1, 1, 1, 2, 2, 2]     259
[1, 2, 0, 0, 2, 1, 2, 2, 0]     260
[1, 0, 2, 2, 1, 2, 0, 0, 2]     261
[2, 1, 1, 2, 1, 1, 0, 2, 0]     262
[2, 2, 2, 2, 0, 2, 0, 2, 1]     263
[0, 0, 0, 0, 2, 2, 2, 1, 0]     264
[2, 1, 2, 0, 0, 0, 0, 0, 2]     265
[0, 2, 0, 2, 1, 1, 0, 2, 2]     266
[2, 1, 2, 1, 1, 2, 2, 0, 2]     267
[2, 0, 2, 1, 0, 2, 2, 0, 1]     268
[0, 2, 2, 2, 2, 0, 1, 1, 0]     269
[2, 0, 1, 0, 1, 0, 0, 1, 2]     270
[2, 2, 1, 0, 1, 0, 0, 1, 0]     271
[1, 2, 1, 1, 2, 1, 2, 1, 2]     272
[0, 2, 2, 1, 0, 0, 2, 0, 0]     273
[2, 0, 0, 2, 1, 0, 2, 0, 0]     274
[0, 0, 1, 0, 2, 0, 2, 1, 1]     275
[0, 0, 0, 2, 2, 1, 1, 1, 0]     276
[1, 2, 2, 1, 2, 0, 2, 2, 1]     277
[1, 2, 2, 2, 1, 0, 2, 2, 1]     278
[1, 2, 0, 1, 1, 2, 2, 0, 1]     279
[1, 1, 2, 0, 0, 0, 2, 2, 2]     280
[0, 2, 1, 1, 2, 2, 1, 1, 0]     281
[0, 0, 2, 2, 0, 0, 2, 0, 1]     282
[1, 1, 1, 0, 2, 1, 0, 0, 1]     283
[1, 1, 1, 1, 2, 1, 0, 0, 0]     284
[2, 2, 2, 0, 1, 0, 0, 0, 0]     285
[2, 0, 0, 1, 2, 0, 1, 1, 0]     286
[0, 0, 0, 0, 2, 2, 0, 0, 0]     287
[2, 1, 2, 1, 0, 2, 2, 0, 0]     288
[1, 2, 2, 1, 1, 2, 2, 1, 1]     289
[0, 0, 0, 0, 0, 1, 0, 2, 1]     290
[0, 1, 0, 2, 0, 0, 0, 1, 0]     291
[0, 2, 0, 0, 1, 1, 2, 0, 1]     292
[0, 2, 0, 2, 0, 2, 0, 0, 1]     293
[1, 1, 1, 0, 1, 1, 1, 2, 2]     294
[0, 0, 1, 2, 0, 0, 2, 1, 1]     295
[0, 0, 2, 0, 2, 2, 1, 0, 0]     296
[1, 0, 0, 2, 0, 2, 2, 0, 0]     297
[2, 1, 0, 1, 2, 1, 0, 0, 0]     298
[1, 1, 2, 0, 0, 1, 1, 1, 0]     299
[0, 0, 0, 2, 1, 2, 1, 2, 2]     300
[0, 2, 1, 0, 2, 2, 1, 1, 1]     301
[2, 2, 1, 0, 1, 1, 2, 0, 1]     302
[1, 0, 0, 2, 1, 1, 2, 2, 1]     303
[0, 1, 1, 2, 2, 2, 1, 1, 0]     304
[0, 1, 0, 2, 0, 0, 1, 0, 0]     305
[0, 2, 0, 1, 1, 0, 1, 0, 2]     306
[1, 2, 2, 1, 0, 0, 2, 2, 0]     307
[2, 0, 2, 2, 0, 0, 2, 1, 1]     308
[1, 1, 2, 0, 0, 1, 0, 2, 0]     309
[0, 0, 0, 1, 1, 0, 2, 2, 1]     310
[2, 2, 2, 1, 2, 1, 2, 2, 2]     311
[1, 0, 0, 1, 2, 2, 1, 1, 2]     312
[0, 2, 2, 1, 1, 0, 1, 1, 2]     313
[0, 1, 0, 1, 0, 1, 0, 2, 2]     314
[2, 2, 1, 0, 1, 1, 1, 1, 1]     315
[1, 0, 0, 1, 1, 2, 0, 2, 0]     316
[2, 1, 2, 0, 2, 1, 2, 2, 1]     317
[2, 2, 2, 0, 1, 1, 0, 1, 1]     318
[2, 1, 2, 0, 1, 2, 0, 2, 0]     319
[1, 2, 1, 0, 1, 2, 1, 0, 2]     320
[1, 1, 0, 0, 1, 1, 2, 2, 2]     321
[2, 2, 2, 0, 0, 0, 2, 1, 1]     322
[1, 2, 0, 0, 0, 1, 2, 2, 2]     323
[2, 1, 2, 2, 0, 2, 0, 2, 2]     324
[2, 0, 0, 1, 0, 0, 1, 1, 2]     325
[1, 1, 0, 0, 1, 2, 0, 2, 0]     326
[2, 0, 1, 0, 2, 1, 0, 2, 2]     327
[0, 1, 0, 2, 2, 2, 2, 1, 0]     328
[2, 0, 1, 0, 0, 0, 1, 0, 0]     329
[1, 1, 1, 1, 2, 2, 2, 2, 1]     330
[2, 0, 1, 1, 0, 0, 0, 1, 2]     331
[2, 2, 2, 2, 1, 2, 0, 2, 0]     332
[1, 1, 0, 0, 1, 2, 2, 0, 0]     333
[2, 0, 1, 2, 2, 2, 1, 2, 1]     334
[2, 1, 1, 0, 2, 1, 0, 2, 1]     335
[1, 1, 0, 1, 1, 1, 0, 1, 1]     336
[0, 0, 0, 0, 2, 1, 1, 1, 2]     337
[2, 0, 0, 0, 1, 2, 2, 2, 1]     338
[1, 0, 0, 0, 2, 0, 0, 0, 1]     339
[2, 2, 0, 0, 1, 1, 1, 2, 1]     340
[0, 2, 1, 1, 1, 0, 1, 2, 2]     341
[2, 0, 1, 1, 0, 2, 1, 2, 1]     342
[2, 1, 0, 1, 2, 2, 0, 1, 1]     343
[1, 2, 1, 2, 2, 0, 0, 2, 0]     344
[1, 2, 1, 2, 0, 2, 2, 2, 1]     345
[2, 2, 2, 2, 0, 1, 1, 0, 0]     346
[0, 2, 1, 2, 0, 2, 2, 0, 1]     347
[2, 2, 0, 2, 1, 1, 1, 2, 2]     348
[2, 1, 0, 2, 2, 1, 1, 2, 2]     349
[2, 2, 0, 0, 2, 2, 0, 1, 1]     350
[1, 1, 0, 2, 2, 0, 1, 2, 1]     351
[2, 1, 2, 1, 1, 0, 1, 2, 0]     352
[2, 1, 1, 2, 2, 2, 2, 1, 0]     353
[0, 1, 1, 0, 1, 2, 0, 2, 0]     354
[0, 1, 1, 0, 0, 0, 2, 1, 2]     355
[2, 1, 0, 1, 0, 0, 2, 0, 1]     356
[2, 1, 0, 0, 0, 0, 0, 2, 2]     357
[1, 0, 2, 2, 1, 0, 2, 2, 0]     358
[2, 2, 0, 0, 0, 1, 0, 0, 2]     359
[2, 1, 1, 0, 2, 1, 2, 0, 1]     360
[1, 1, 0, 0, 1, 2, 1, 1, 0]     361
[2, 0, 1, 1, 2, 0, 2, 2, 0]     362
[1, 1, 2, 1, 2, 0, 1, 0, 2]     363
[0, 2, 2, 2, 2, 2, 2, 2, 2]     364
[2, 2, 2, 2, 2, 0, 0, 0, 0]     365
[2, 0, 2, 2, 2, 1, 1, 0, 0]     366
[0, 1, 1, 1, 0, 1, 0, 1, 2]     367
[0, 0, 0, 0, 1, 0, 0, 1, 2]     368
[1, 1, 1, 0, 0, 1, 1, 2, 0]     369
[2, 2, 1, 2, 1, 0, 2, 2, 1]     370
[0, 1, 0, 1, 0, 0, 0, 1, 1]     371
[2, 1, 2, 1, 2, 2, 2, 0, 1]     372
[0, 1, 2, 1, 2, 2, 2, 2, 1]     373
[0, 1, 1, 1, 1, 2, 2, 0, 2]     374
[1, 2, 2, 1, 2, 0, 0, 1, 1]     375
[1, 2, 2, 0, 1, 2, 1, 2, 2]     376
[2, 2, 2, 0, 1, 0, 1, 2, 0]     377
[2, 0, 0, 2, 2, 2, 0, 1, 1]     378
[1, 0, 2, 2, 2, 0, 2, 2, 2]     379
[0, 0, 0, 0, 2, 1, 0, 2, 2]     380
[2, 0, 0, 2, 1, 0, 0, 2, 0]     381
[0, 0, 1, 1, 2, 2, 1, 1, 2]     382
[1, 0, 2, 1, 2, 2, 0, 0, 2]     383
[2, 1, 0, 0, 1, 2, 0, 1, 0]     384
[2, 0, 0, 0, 1, 1, 0, 0, 0]     385
[1, 2, 1, 2, 0, 0, 0, 2, 2]     386
[2, 0, 1, 2, 2, 2, 2, 1, 1]     387
[2, 1, 1, 1, 2, 0, 2, 2, 2]     388
[2, 1, 2, 0, 1, 2, 2, 0, 0]     389
[1, 2, 1, 2, 1, 0, 2, 0, 1]     390
[0, 1, 1, 1, 1, 0, 0, 0, 0]     391
[1, 0, 1, 1, 1, 1, 1, 2, 2]     392
[0, 1, 2, 2, 0, 0, 1, 1, 0]     393
[2, 1, 1, 1, 1, 1, 2, 0, 1]     394
[1, 1, 1, 2, 1, 1, 1, 2, 0]     395
[2, 2, 0, 0, 1, 1, 2, 1, 1]     396
[0, 2, 1, 2, 1, 2, 0, 2, 0]     397
[0, 0, 0, 0, 0, 0, 0, 1, 0]     398
[0, 0, 1, 0, 1, 1, 1, 0, 0]     399
[2, 0, 2, 0, 2, 1, 1, 0, 2]     400
[1, 2, 2, 0, 2, 0, 0, 1, 2]     401
[0, 1, 1, 1, 2, 0, 1, 2, 2]     402
[2, 1, 1, 2, 0, 0, 0, 1, 0]     403
[1, 0, 0, 0, 2, 0, 1, 2, 1]     404
[2, 2, 0, 1, 1, 0, 0, 2, 2]     405
[1, 2, 0, 0, 1, 1, 0, 1, 1]     406
[0, 2, 2, 0, 2, 1, 2, 1, 0]     407
[0, 2, 1, 2, 2, 0, 1, 2, 0]     408
[1, 2, 2, 0, 1, 1, 1, 1, 1]     409
[2, 1, 0, 1, 2, 1, 2, 1, 0]     410
[1, 1, 2, 2, 0, 2, 2, 1, 2]     411
[2, 0, 1, 0, 1, 1, 2, 0, 0]     412
[2, 0, 0, 1, 0, 0, 0, 2, 2]     413
[1, 1, 0, 2, 1, 0, 1, 2, 2]     414
[1, 0, 2, 1, 2, 0, 1, 0, 0]     415
[2, 2, 2, 0, 0, 0, 1, 2, 1]     416
[1, 2, 0, 2, 0, 2, 0, 2, 1]     417
[1, 1, 0, 0, 0, 1, 1, 0, 0]     418
[1, 1, 2, 2, 1, 1, 0, 2, 0]     419
[0, 0, 2, 2, 1, 1, 2, 1, 1]     420
[2, 0, 0, 2, 0, 0, 2, 0, 1]     421
[2, 2, 1, 0, 0, 0, 2, 2, 1]     422
[0, 1, 1, 0, 0, 2, 0, 2, 1]     423
[2, 0, 1, 0, 1, 0, 2, 2, 2]     424
[2, 2, 1, 2, 1, 1, 1, 1, 2]     425
[0, 2, 2, 2, 2, 0, 0, 2, 0]     426
[2, 0, 1, 2, 1, 1, 1, 1, 1]     427
[1, 2, 2, 1, 1, 2, 1, 2, 1]     428
[0, 0, 0, 2, 0, 2, 1, 2, 0]     429
[2, 1, 1, 0, 0, 2, 1, 2, 1]     430
[2, 0, 2, 1, 2, 2, 1, 1, 2]     431
[2, 1, 2, 1, 0, 1, 2, 2, 2]     432
[1, 1, 0, 2, 2, 0, 0, 0, 1]     433
[2, 1, 2, 0, 1, 1, 2, 2, 2]     434
[1, 1, 2, 0, 2, 1, 0, 2, 1]     435
[2, 2, 0, 1, 2, 0, 2, 0, 1]     436
[2, 0, 0, 2, 0, 2, 1, 0, 0]     437
[2, 1, 2, 0, 1, 2, 1, 1, 0]     438
[1, 2, 1, 1, 1, 1, 0, 0, 0]     439
[2, 1, 2, 2, 1, 2, 1, 1, 1]     440
[0, 1, 0, 2, 2, 2, 0, 0, 0]     441
[2, 0, 1, 1, 0, 2, 0, 0, 1]     442
[2, 1, 0, 0, 2, 0, 1, 1, 0]     443
[0, 2, 2, 0, 2, 2, 1, 0, 1]     444
[0, 0, 0, 0, 1, 0, 1, 0, 2]     445
[1, 1, 1, 1, 0, 0, 0, 2, 1]     446
[0, 2, 0, 1, 1, 1, 1, 1, 0]     447
[1, 0, 1, 0, 2, 2, 1, 0, 0]     448
[0, 2, 0, 2, 2, 0, 0, 1, 0]     449
[0, 1, 0, 2, 1, 0, 0, 1, 2]     450
[1, 0, 0, 0, 0, 1, 2, 2, 1]     451
[0, 1, 2, 1, 2, 1, 1, 2, 0]     452
[0, 0, 2, 1, 2, 1, 1, 2, 1]     453
[2, 0, 2, 2, 0, 2, 0, 2, 0]     454
[1, 0, 0, 2, 1, 1, 0, 1, 1]     455
[0, 1, 1, 0, 2, 1, 0, 1, 1]     456
[1, 1, 2, 1, 0, 1, 0, 2, 2]     457
[1, 1, 1, 0, 0, 2, 2, 2, 1]     458
[2, 0, 0, 2, 0, 1, 0, 0, 2]     459
[2, 0, 0, 0, 2, 1, 0, 0, 2]     460
[2, 0, 1, 2, 2, 0, 0, 1, 2]     461
[2, 2, 0, 1, 1, 1, 0, 0, 0]     462
[1, 0, 2, 2, 0, 0, 2, 2, 1]     463
[1, 1, 0, 0, 1, 1, 0, 1, 2]     464
[2, 2, 2, 1, 0, 2, 1, 1, 2]     465
[2, 2, 2, 2, 0, 2, 1, 1, 1]     466
[0, 0, 0, 1, 2, 1, 1, 1, 1]     467
[0, 1, 1, 2, 0, 1, 2, 2, 1]     468
[1, 1, 1, 1, 0, 0, 1, 1, 1]     469
[0, 2, 0, 2, 1, 0, 0, 1, 1]     470
[2, 0, 0, 2, 2, 0, 0, 2, 2]     471
[1, 1, 1, 1, 1, 2, 1, 0, 2]     472
[1, 2, 1, 0, 1, 1, 1, 2, 1]     473
[1, 0, 1, 1, 2, 2, 0, 1, 2]     474
[1, 0, 1, 0, 1, 0, 1, 1, 2]     475
[2, 2, 2, 1, 2, 2, 2, 0, 0]     476
[1, 1, 2, 0, 1, 1, 0, 2, 2]     477
[1, 1, 0, 1, 0, 0, 2, 1, 1]     478
[2, 1, 1, 0, 1, 0, 0, 1, 1]     479
[0, 2, 1, 2, 0, 2, 1, 1, 1]     480
[2, 2, 0, 1, 1, 2, 2, 2, 1]     481
[1, 1, 1, 0, 2, 0, 2, 0, 0]     482
[1, 0, 2, 1, 0, 0, 2, 2, 2]     483
[0, 0, 2, 1, 2, 2, 0, 1, 2]     484
[2, 1, 1, 0, 2, 2, 0, 0, 2]     485
[1, 2, 2, 0, 0, 0, 2, 2, 1]     486
[1, 2, 1, 0, 1, 1, 2, 1, 1]     487
[1, 0, 1, 2, 2, 1, 2, 1, 0]     488
[2, 0, 0, 2, 1, 1, 0, 0, 1]     489
[0, 1, 0, 0, 1, 1, 0, 2, 2]     490
[2, 2, 0, 1, 1, 2, 1, 0, 1]     491
[1, 1, 1, 2, 2, 1, 0, 0, 2]     492
[0, 0, 0, 2, 0, 2, 0, 0, 0]     493
[2, 1, 1, 2, 0, 0, 2, 2, 0]     494
[1, 0, 0, 2, 2, 1, 2, 2, 0]     495
[1, 2, 1, 2, 1, 2, 1, 0, 0]     496
[0, 0, 2, 1, 2, 2, 2, 2, 2]     497
[2, 1, 1, 2, 2, 0, 1, 0, 1]     498
[0, 2, 0, 1, 0, 2, 0, 0, 2]     499
[0, 0, 0, 1, 2, 2, 1, 2, 2]     500
[0, 2, 0, 1, 2, 0, 1, 0, 1]     501
[2, 0, 2, 1, 2, 0, 2, 1, 0]     502
[2, 2, 1, 1, 2, 2, 0, 0, 0]     503
[0, 0, 0, 1, 1, 1, 0, 2, 2]     504
[2, 0, 1, 1, 1, 2, 0, 0, 0]     505
[0, 2, 0, 0, 1, 0, 1, 0, 0]     506
[0, 1, 1, 2, 1, 1, 2, 2, 0]     507
[2, 2, 1, 1, 2, 0, 1, 0, 1]     508
[0, 1, 2, 1, 0, 2, 1, 0, 0]     509
[1, 2, 1, 0, 0, 0, 0, 2, 1]     510
[0, 1, 2, 1, 1, 1, 2, 1, 1]     511
[2, 2, 2, 2, 0, 0, 0, 0, 2]     512
[0, 1, 2, 2, 1, 1, 1, 2, 0]     513
[0, 0, 0, 0, 2, 0, 1, 0, 1]     514
[2, 2, 1, 1, 2, 0, 0, 1, 1]     515
[0, 1, 2, 0, 0, 0, 2, 0, 2]     516
[0, 2, 2, 1, 0, 2, 1, 0, 2]     517
[2, 2, 1, 2, 2, 2, 1, 2, 2]     518
[1, 1, 1, 1, 0, 2, 2, 2, 0]     519
[0, 1, 1, 1, 2, 0, 0, 0, 2]     520
[2, 1, 1, 1, 0, 1, 1, 1, 2]     521
[0, 0, 1, 1, 2, 2, 2, 0, 2]     522
[1, 0, 2, 2, 2, 1, 2, 0, 0]     523
[0, 1, 2, 2, 1, 0, 2, 0, 2]     524
[0, 2, 1, 2, 0, 0, 1, 2, 2]     525
[2, 0, 2, 0, 0, 1, 1, 0, 1]     526
[2, 0, 2, 0, 1, 0, 0, 0, 2]     527
[0, 0, 0, 0, 1, 2, 2, 1, 1]     528
[1, 0, 2, 0, 1, 0, 0, 1, 2]     529
[0, 0, 1, 0, 2, 2, 2, 0, 0]     530
[0, 2, 1, 0, 0, 2, 2, 0, 0]     531
[0, 0, 1, 1, 0, 0, 1, 2, 2]     532
[2, 2, 1, 0, 0, 1, 2, 0, 2]     533
[0, 2, 0, 2, 2, 1, 2, 0, 1]     534
[0, 2, 2, 0, 0, 0, 0, 2, 1]     535
[1, 2, 2, 1, 2, 0, 1, 0, 1]     536
[1, 2, 2, 1, 1, 1, 0, 2, 0]     537
[0, 2, 1, 2, 1, 1, 0, 1, 2]     538
[0, 2, 1, 1, 1, 1, 1, 0, 0]     539
[2, 1, 0, 0, 2, 1, 0, 0, 1]     540
[0, 0, 1, 1, 1, 2, 1, 1, 0]     541
[0, 2, 2, 1, 0, 2, 0, 1, 2]     542
[2, 2, 1, 1, 2, 0, 2, 2, 1]     543
[0, 1, 2, 2, 0, 1, 0, 0, 1]     544
[2, 2, 0, 2, 0, 1, 2, 1, 0]     545
[1, 0, 0, 0, 0, 0, 0, 0, 0]     546
0 = 546


[1, 0, 0, 0, 0, 0, 0, 0, 0]
[0, 0, 0, 0, 0, 1, 1, 1, 1]     1
[0, 1, 0, 0, 0, 2, 2, 1, 1]     2
[1, 2, 2, 2, 1, 2, 1, 0, 2]     3
[1, 1, 2, 0, 2, 1, 1, 0, 2]     4
[2, 2, 2, 0, 2, 2, 2, 0, 1]     5
[0, 0, 1, 1, 2, 2, 1, 0, 0]     6
[1, 0, 1, 2, 2, 2, 2, 2, 1]     7
[2, 1, 2, 1, 0, 0, 1, 2, 1]     8
[1, 0, 1, 2, 0, 2, 1, 2, 1]     9
[0, 2, 1, 1, 2, 1, 1, 1, 1]     10
[0, 2, 1, 2, 1, 1, 1, 1, 1]     11
[0, 2, 2, 1, 1, 0, 1, 2, 1]     12
[0, 1, 1, 0, 0, 1, 0, 1, 0]     13
[2, 2, 2, 1, 2, 1, 2, 1, 0]     14
[1, 0, 2, 2, 2, 2, 2, 1, 1]     15
[0, 2, 1, 1, 0, 2, 1, 2, 1]     16
[1, 1, 0, 1, 2, 0, 2, 1, 2]     17
[1, 0, 1, 0, 2, 0, 1, 2, 0]     18
[0, 0, 0, 0, 1, 2, 1, 2, 1]     19
[1, 0, 2, 2, 1, 1, 0, 1, 2]     20
[2, 0, 1, 1, 2, 2, 1, 0, 1]     21
[1, 0, 1, 0, 0, 2, 2, 1, 0]     22
[1, 0, 2, 1, 1, 2, 0, 0, 0]     23
[1, 0, 0, 0, 2, 2, 0, 2, 0]     24
[2, 1, 1, 1, 2, 2, 0, 1, 0]     25
[2, 0, 1, 1, 2, 2, 2, 1, 2]     26
[1, 0, 0, 2, 0, 1, 0, 2, 1]     27
[2, 0, 2, 2, 0, 1, 0, 0, 0]     28
[1, 2, 0, 1, 2, 2, 0, 1, 1]     29
[2, 2, 1, 2, 2, 2, 0, 1, 1]     30
[1, 1, 2, 2, 0, 0, 1, 0, 0]     31
[2, 1, 0, 1, 0, 1, 2, 2, 1]     32
[2, 2, 0, 1, 2, 2, 2, 0, 2]     33
[2, 2, 2, 2, 1, 0, 2, 1, 1]     34
[1, 2, 2, 1, 0, 2, 2, 2, 1]     35
[2, 2, 1, 2, 1, 1, 0, 0, 1]     36
[0, 2, 0, 0, 2, 1, 0, 0, 2]     37
[1, 0, 1, 2, 2, 1, 2, 2, 2]     38
[2, 0, 1, 1, 1, 1, 1, 2, 1]     39
[0, 1, 2, 1, 2, 0, 1, 1, 2]     40
[0, 2, 0, 2, 0, 2, 0, 0, 1]     41
[1, 1, 1, 0, 1, 1, 2, 1, 2]     42
[0, 0, 1, 0, 0, 2, 2, 1, 1]     43
[1, 0, 2, 2, 2, 2, 0, 2, 2]     44
[0, 2, 0, 0, 0, 1, 2, 0, 2]     45
[2, 1, 0, 2, 1, 2, 2, 1, 2]     46
[1, 2, 1, 1, 2, 0, 1, 1, 1]     47
[0, 1, 0, 1, 1, 2, 1, 2, 2]     48
[0, 1, 0, 0, 2, 2, 2, 0, 0]     49
[0, 1, 1, 0, 2, 2, 0, 0, 1]     50
[1, 2, 2, 2, 2, 0, 1, 1, 2]     51
[2, 0, 1, 2, 0, 0, 2, 0, 0]     52
[0, 0, 1, 2, 0, 2, 2, 0, 0]     53
[0, 2, 0, 1, 0, 0, 2, 1, 1]     54
[0, 1, 1, 0, 1, 2, 0, 2, 0]     55
[0, 1, 1, 0, 0, 0, 0, 1, 1]     56
[2, 1, 1, 1, 0, 2, 2, 1, 0]     57
[0, 1, 0, 1, 1, 0, 2, 0, 2]     58
[0, 2, 0, 2, 1, 0, 0, 1, 1]     59
[2, 0, 0, 2, 2, 0, 0, 1, 0]     60
[1, 1, 0, 2, 1, 2, 2, 1, 0]     61
[1, 2, 1, 2, 0, 0, 1, 0, 0]     62
[2, 0, 0, 1, 2, 1, 0, 0, 1]     63
[0, 1, 2, 1, 1, 2, 1, 0, 2]     64
[2, 0, 1, 0, 2, 0, 2, 0, 0]     65
[0, 0, 2, 1, 0, 1, 2, 1, 0]     66
[0, 1, 2, 0, 2, 1, 1, 0, 0]     67
[2, 2, 2, 1, 0, 2, 2, 2, 0]     68
[2, 2, 1, 1, 0, 1, 0, 1, 2]     69
[1, 0, 0, 0, 1, 2, 1, 2, 0]     70
[1, 0, 2, 1, 0, 1, 0, 2, 0]     71
[0, 1, 1, 1, 1, 0, 2, 2, 2]     72
[1, 0, 2, 2, 1, 2, 0, 1, 1]     73
[2, 1, 2, 1, 1, 1, 1, 0, 1]     74
[2, 2, 0, 1, 1, 1, 2, 2, 2]     75
[1, 0, 0, 0, 0, 1, 1, 1, 0]     76
[0, 1, 0, 2, 2, 2, 2, 2, 2]     77
[2, 0, 2, 2, 0, 0, 2, 2, 0]     78
[1, 1, 0, 2, 0, 1, 2, 0, 0]     79
[0, 0, 2, 0, 2, 1, 0, 0, 2]     80
[1, 2, 1, 2, 1, 1, 0, 0, 2]     81
[0, 2, 0, 1, 0, 1, 0, 2, 1]     82
[0, 2, 1, 2, 0, 0, 1, 0, 1]     83
[2, 0, 0, 2, 0, 1, 0, 2, 0]     84
[2, 0, 2, 1, 2, 1, 0, 1, 1]     85
[2, 0, 0, 1, 1, 0, 1, 0, 2]     86
[2, 2, 2, 1, 0, 2, 1, 1, 2]     87
[2, 2, 2, 2, 0, 2, 2, 0, 1]     88
[0, 0, 0, 2, 2, 0, 1, 2, 0]     89
[1, 1, 2, 0, 0, 1, 0, 0, 2]     90
[0, 0, 1, 0, 1, 0, 2, 2, 1]     91
[2, 2, 1, 1, 0, 1, 1, 2, 0]     92
[1, 0, 2, 2, 1, 1, 2, 0, 1]     93
[2, 0, 2, 2, 2, 0, 0, 2, 0]     94
[0, 0, 1, 2, 1, 0, 2, 1, 0]     95
[1, 1, 2, 0, 1, 2, 0, 1, 2]     96
[1, 2, 0, 2, 2, 2, 0, 2, 2]     97
[0, 0, 0, 0, 1, 1, 1, 2, 2]     98
[1, 2, 1, 2, 2, 2, 0, 1, 2]     99
[1, 1, 2, 0, 1, 0, 1, 2, 2]     100
[1, 0, 0, 1, 1, 0, 1, 0, 0]     101
[2, 2, 2, 2, 1, 2, 1, 0, 1]     102
[1, 1, 2, 2, 1, 1, 1, 1, 0]     103
[0, 0, 2, 0, 1, 0, 0, 2, 2]     104
[0, 0, 2, 0, 0, 2, 2, 0, 1]     105
[2, 1, 1, 2, 2, 1, 0, 2, 2]     106
[0, 0, 2, 2, 2, 2, 0, 2, 0]     107
[0, 2, 0, 1, 1, 1, 2, 2, 1]     108
[1, 0, 0, 2, 2, 1, 1, 2, 1]     109
[1, 2, 0, 2, 1, 0, 0, 1, 0]     110
[2, 0, 0, 1, 1, 0, 0, 2, 1]     111
[2, 2, 0, 2, 0, 0, 0, 0, 1]     112
[1, 2, 2, 1, 1, 0, 2, 0, 1]     113
[0, 1, 0, 1, 2, 0, 1, 0, 2]     114
[1, 0, 2, 2, 0, 1, 0, 0, 1]     115
[1, 2, 0, 2, 0, 2, 0, 0, 0]     116
[1, 1, 1, 2, 0, 1, 2, 2, 0]     117
[1, 1, 1, 0, 2, 0, 0, 0, 2]     118
[1, 0, 0, 1, 0, 2, 1, 2, 0]     119
[1, 0, 0, 0, 0, 0, 0, 0, 0]     120
0 = 120


[1, 0, 0, 0, 0, 0, 0, 0, 0]
[0, 0, 0, 0, 0, 1, 1, 1, 1]     1
[0, 1, 0, 0, 0, 1, 2, 2, 1]     2
[1, 1, 2, 2, 2, 1, 1, 0, 0]     3
[1, 1, 1, 0, 0, 2, 0, 0, 2]     4
[2, 0, 2, 2, 0, 0, 1, 0, 0]     5
[1, 1, 0, 1, 0, 1, 2, 2, 2]     6
[2, 2, 0, 0, 0, 1, 2, 2, 1]     7
[2, 1, 2, 2, 2, 0, 1, 0, 0]     8
[1, 0, 0, 0, 0, 0, 0, 0, 0]     9
0 = 9


[1, 0, 0, 0, 0, 0, 0, 0, 0]
[0, 0, 0, 0, 0, 1, 1, 1, 1]     1
[0, 1, 0, 0, 0, 0, 2, 2, 2]     2
[1, 0, 0, 0, 0, 0, 0, 0, 0]     3
0 = 3


[1, 0, 0, 0, 0, 0, 0, 0, 0]
[0, 0, 0, 0, 0, 1, 1, 1, 1]     1
[0, 2, 2, 0, 0, 0, 1, 1, 1]     2
[1, 0, 1, 2, 1, 0, 0, 0, 2]     3
[1, 0, 0, 0, 2, 0, 0, 2, 2]     4
[2, 0, 1, 1, 1, 2, 2, 0, 1]     5
[0, 0, 1, 0, 0, 2, 1, 1, 2]     6
[1, 1, 0, 2, 2, 1, 2, 2, 2]     7
[2, 2, 1, 1, 0, 1, 2, 0, 1]     8
[1, 2, 2, 1, 1, 2, 0, 0, 1]     9
[0, 2, 1, 1, 2, 2, 1, 2, 2]     10
[0, 2, 1, 1, 2, 2, 2, 2, 1]     11
[0, 0, 1, 1, 1, 2, 2, 1, 2]     12
[0, 0, 2, 1, 2, 2, 0, 0, 0]     13
[2, 2, 2, 1, 2, 0, 1, 1, 2]     14
[1, 1, 1, 2, 2, 0, 1, 1, 1]     15
[0, 1, 2, 1, 0, 1, 2, 2, 1]     16
[1, 0, 1, 1, 2, 2, 1, 0, 2]     17
[1, 2, 2, 1, 1, 1, 1, 1, 0]     18
[0, 2, 1, 0, 1, 0, 2, 1, 0]     19
[1, 0, 2, 0, 0, 0, 0, 2, 2]     20
[2, 2, 2, 2, 1, 2, 2, 0, 0]     21
[1, 2, 2, 2, 1, 1, 2, 0, 2]     22
[1, 1, 1, 0, 2, 2, 1, 1, 1]     23
[1, 1, 2, 0, 2, 1, 2, 0, 1]     24
[2, 2, 0, 0, 0, 1, 2, 0, 0]     25
[2, 0, 1, 0, 0, 1, 2, 1, 0]     26
[1, 1, 2, 0, 2, 2, 1, 2, 2]     27
[2, 2, 0, 1, 1, 0, 1, 1, 2]     28
[1, 2, 0, 1, 2, 0, 1, 1, 2]     29
[2, 2, 1, 2, 2, 2, 1, 0, 1]     30
[1, 0, 0, 0, 2, 1, 2, 1, 0]     31
[2, 0, 1, 2, 2, 1, 1, 1, 0]     32
[2, 2, 0, 1, 2, 1, 0, 1, 1]     33
[2, 2, 2, 1, 2, 1, 2, 0, 1]     34
[1, 0, 1, 0, 1, 2, 0, 0, 2]     35
[2, 0, 0, 2, 1, 0, 0, 0, 2]     36
[0, 2, 0, 0, 2, 1, 0, 0, 2]     37
[1, 1, 0, 2, 2, 2, 2, 1, 2]     38
[2, 0, 1, 2, 0, 0, 1, 0, 1]     39
[0, 1, 2, 2, 1, 1, 0, 2, 1]     40
[0, 2, 0, 0, 2, 0, 2, 1, 0]     41
[1, 2, 0, 1, 0, 0, 0, 2, 1]     42
[0, 1, 0, 1, 2, 1, 0, 2, 0]     43
[1, 2, 0, 0, 1, 2, 1, 2, 1]     44
[0, 0, 2, 2, 1, 2, 1, 1, 1]     45
[2, 1, 0, 2, 1, 0, 1, 0, 0]     46
[1, 0, 0, 2, 1, 0, 0, 2, 1]     47
[0, 2, 2, 2, 0, 1, 1, 1, 1]     48
[0, 0, 1, 0, 2, 0, 0, 2, 2]     49
[0, 1, 1, 1, 1, 1, 2, 2, 1]     50
[1, 2, 2, 2, 2, 2, 1, 0, 1]     51
[2, 1, 0, 0, 2, 0, 2, 0, 0]     52
[0, 2, 2, 1, 1, 1, 1, 0, 2]     53
[0, 2, 0, 2, 2, 0, 0, 2, 2]     54
[0, 2, 0, 1, 0, 1, 1, 0, 2]     55
[0, 0, 2, 1, 2, 0, 0, 2, 0]     56
[2, 0, 2, 2, 2, 2, 0, 1, 2]     57
[0, 0, 1, 0, 2, 2, 1, 0, 1]     58
[0, 1, 1, 0, 0, 2, 0, 1, 2]     59
[2, 0, 0, 1, 0, 0, 2, 0, 2]     60
[1, 0, 1, 1, 2, 0, 2, 2, 1]     61
[1, 1, 2, 2, 0, 0, 0, 0, 1]     62
[2, 1, 2, 1, 2, 2, 0, 2, 1]     63
[0, 2, 1, 2, 0, 2, 2, 2, 2]     64
[2, 1, 0, 0, 2, 0, 0, 0, 2]     65
[0, 0, 2, 1, 0, 1, 1, 2, 0]     66
[0, 2, 1, 2, 0, 0, 1, 1, 0]     67
[2, 1, 0, 1, 0, 2, 2, 1, 1]     68
[2, 2, 1, 2, 2, 0, 0, 2, 2]     69
[1, 0, 0, 1, 0, 0, 1, 2, 2]     70
[1, 2, 0, 0, 1, 0, 0, 1, 2]     71
[0, 0, 2, 0, 2, 1, 0, 2, 0]     72
[1, 0, 2, 0, 0, 2, 0, 0, 2]     73
[2, 1, 2, 1, 1, 0, 0, 0, 0]     74
[2, 0, 2, 1, 1, 2, 2, 1, 2]     75
[1, 1, 2, 1, 2, 1, 0, 2, 0]     76
[0, 1, 0, 0, 1, 0, 1, 0, 1]     77
[2, 1, 1, 0, 2, 2, 1, 2, 2]     78
[1, 1, 0, 1, 1, 1, 1, 2, 2]     79
[0, 0, 2, 2, 0, 0, 1, 2, 0]     80
[1, 2, 1, 1, 2, 0, 1, 2, 0]     81
[0, 0, 2, 0, 1, 1, 0, 1, 2]     82
[0, 0, 0, 1, 1, 0, 1, 2, 2]     83
[2, 2, 1, 1, 1, 2, 0, 0, 1]     84
[2, 1, 1, 1, 2, 0, 1, 0, 2]     85
[2, 0, 0, 2, 0, 2, 2, 0, 2]     86
[2, 0, 1, 0, 1, 0, 2, 0, 1]     87
[2, 0, 1, 1, 1, 2, 1, 0, 2]     88
[0, 2, 1, 0, 1, 2, 1, 2, 1]     89
[1, 1, 2, 2, 1, 1, 1, 0, 1]     90
[0, 0, 1, 1, 0, 0, 1, 2, 2]     91
[2, 0, 0, 0, 1, 2, 0, 0, 2]     92
[1, 2, 0, 2, 1, 1, 0, 1, 2]     93
[2, 0, 2, 1, 0, 1, 0, 1, 0]     94
[0, 1, 0, 1, 2, 0, 2, 0, 1]     95
[1, 0, 0, 2, 2, 0, 2, 0, 0]     96
[1, 1, 1, 1, 0, 0, 0, 0, 0]     97
[0, 2, 1, 0, 1, 1, 2, 0, 0]     98
[1, 1, 2, 1, 0, 2, 2, 2, 2]     99
[1, 1, 2, 0, 1, 1, 2, 2, 0]     100
[1, 2, 1, 1, 1, 2, 0, 2, 0]     101
[2, 1, 0, 0, 0, 0, 2, 1, 1]     102
[1, 2, 1, 0, 0, 0, 0, 1, 2]     103
[0, 1, 1, 2, 2, 1, 0, 2, 1]     104
[0, 1, 1, 1, 2, 0, 2, 1, 2]     105
[2, 1, 1, 0, 1, 2, 1, 1, 1]     106
[0, 1, 1, 2, 2, 2, 2, 1, 2]     107
[0, 1, 1, 2, 0, 2, 1, 2, 1]     108
[1, 0, 0, 1, 0, 1, 0, 1, 0]     109
[1, 2, 0, 1, 2, 2, 2, 2, 1]     110
[2, 2, 1, 1, 1, 0, 2, 2, 2]     111
[2, 1, 1, 2, 0, 2, 0, 1, 1]     112
[1, 2, 2, 0, 2, 1, 1, 0, 1]     113
[0, 1, 0, 2, 1, 0, 2, 1, 0]     114
[1, 1, 1, 0, 2, 0, 2, 0, 0]     115
[1, 0, 2, 1, 1, 0, 1, 2, 2]     116
[1, 1, 1, 1, 1, 0, 0, 1, 1]     117
[1, 2, 0, 2, 0, 0, 1, 1, 0]     118
[1, 0, 0, 1, 0, 0, 2, 2, 1]     119
[1, 0, 0, 0, 0, 0, 0, 0, 0]     120
0 = 120


[1, 0, 0, 0, 0, 0, 0, 0, 0]
[0, 0, 0, 0, 0, 1, 1, 1, 1]     1
[0, 2, 2, 0, 0, 2, 2, 1, 1]     2
[1, 0, 0, 2, 0, 0, 1, 0, 0]     3
[2, 0, 2, 1, 1, 2, 1, 0, 1]     4
[1, 0, 1, 2, 2, 1, 2, 1, 0]     5
[2, 0, 0, 2, 0, 0, 0, 0, 0]     6
[2, 2, 2, 0, 0, 2, 2, 1, 2]     7
[1, 0, 0, 0, 1, 2, 1, 0, 2]     8
[1, 0, 0, 0, 0, 0, 0, 0, 0]     9
0 = 9


[1, 0, 0, 0, 0, 0, 0, 0, 0]
[0, 0, 0, 0, 0, 1, 1, 1, 1]     1
[0, 2, 2, 0, 0, 2, 2, 1, 1]     2
[1, 0, 0, 1, 1, 2, 2, 1, 2]     3
[2, 2, 2, 0, 0, 2, 2, 1, 2]     4
[1, 0, 0, 2, 2, 2, 2, 0, 1]     5
[1, 0, 0, 2, 2, 1, 1, 2, 1]     6
[1, 1, 1, 0, 0, 0, 0, 1, 0]     7
[2, 1, 1, 1, 1, 2, 2, 2, 1]     8
[1, 0, 0, 0, 0, 0, 0, 0, 0]     9
0 = 9