129

204 1428 5712 27132 157590 750822 3001452 11390816 39578108 116442112 285439928 571109662 867903465 884428281 455248142 
204 1326 5916 29614 160072 752522 3111493 11867632 40585936 119164152 293163759 583644272 879185821 888662777 452444995 
204 1207 6154 32266 163829 763351 3232210 12366531 41914673 122746273 301732626 597412776 892291682 892901523 448742548 
204 1173 6222 32946 165155 768621 3266737 12503024 42334692 123895031 304322338 601699547 896916872 895246996 448459906 
204 1156 6256 33150 166498 773976 3288344 12578164 42536890 124316801 304906033 601898294 895837338 893025436 446968241 
204 1156 6256 33320 165954 771664 3279266 12550318 42461563 124137621 304539649 601195888 894560859 891240674 445658850 
204 1139 6290 33388 167433 778566 3307758 12654001 42790428 125037482 306595255 604978456 899883695 896302067 448122745 
204 1207 6154 32266 163829 763351 3232210 12366531 41914673 122746273 301732626 597412776 892291682 892901523 448742548 
204 1139 6290 33422 167501 778498 3306704 12643053 42721578 124754568 305691943 602844412 896331630 892620326 446314132 
204 1139 6290 33422 167501 778498 3306704 12643053 42721578 124754568 305691943 602844412 896331630 892620326 446314132 
204 1173 6222 32946 165155 768621 3266737 12503024 42334692 123895031 304322338 601699547 896916872 895246996 448459906 
204 1139 6290 33422 167501 778498 3306704 12643053 42721578 124754568 305691943 602844412 896331630 892620326 446314132 
204 1122 6324 33660 168402 783139 3326101 12719757 42982205 125515114 307536681 606278769 900876801 896203756 447448270 
204 1122 6324 33456 168980 785400 3336607 12758891 43116930 125872964 308318171 607677767 902842528 898234559 448669533 
204 1258 6052 31246 162486 757197 3172523 12123465 41173745 120432641 295726577 586233763 877648732 881515977 445902477 
204 1428 5712 27132 157590 750822 3001452 11390816 39578108 116442112 285439928 571109662 867903465 884428281 455248142 
204 1173 6222 33082 165257 767261 3259274 12466304 42162584 123238236 302363547 597242130 889651854 887846539 445027674 
204 1122 6324 33660 168402 783139 3326101 12719757 42982205 125515114 307536681 606278769 900876801 896203756 447448270 
204 1122 6324 33456 168980 785400 3336607 12758891 43116930 125872964 308318171 607677767 902842528 898234559 448669533 
204 1139 6290 33422 167501 778498 3306704 12643053 42721578 124754568 305691943 602844412 896331630 892620326 446314132 
204 1105 6358 33728 169779 789276 3356548 12835255 43371488 126594716 309978969 610576403 906340482 900632732 449110190 
204 1258 6052 31246 162486 757197 3172523 12123465 41173745 120432641 295726577 586233763 877648732 881515977 445902477 
204 1156 6256 33354 166090 771630 3277906 12534253 42386287 123871877 303829610 599872642 893021747 890415120 445744615 
204 1173 6222 32946 165155 768621 3266737 12503024 42334692 123895031 304322338 601699547 896916872 895246996 448459906 
204 1326 5916 29614 160072 752522 3111493 11867632 40585936 119164152 293163759 583644272 879185821 888662777 452444995 
204 1173 6222 32946 165155 768621 3266737 12503024 42334692 123895031 304322338 601699547 896916872 895246996 448459906 
204 1122 6324 33660 168402 783139 3326101 12719757 42982205 125515114 307536681 606278769 900876801 896203756 447448270 
204 1139 6290 33422 167501 778498 3306704 12643053 42721578 124754568 305691943 602844412 896331630 892620326 446314132 
204 1207 6154 32334 164067 762858 3226379 12340793 41800654 122262742 300218725 593985627 886764744 887415402 446422252 
204 1156 6256 33354 166090 771630 3277906 12534253 42386287 123871877 303829610 599872642 893021747 890415120 445744615 
204 1207 6154 32334 164067 762858 3226379 12340793 41800654 122262742 300218725 593985627 886764744 887415402 446422252 
204 1326 5916 29614 160072 752522 3111493 11867632 40585936 119164152 293163759 583644272 879185821 888662777 452444995 
204 1122 6324 33456 168980 785400 3336607 12758891 43116930 125872964 308318171 607677767 902842528 898234559 448669533 
204 1156 6256 33354 166090 771630 3277906 12534253 42386287 123871877 303829610 599872642 893021747 890415120 445744615 
204 1156 6256 33320 165954 771664 3279266 12550318 42461563 124137621 304539649 601195888 894560859 891240674 445658850 
204 1258 6052 31246 162486 757197 3172523 12123465 41173745 120432641 295726577 586233763 877648732 881515977 445902477 
204 1207 6154 32266 163829 763351 3232210 12366531 41914673 122746273 301732626 597412776 892291682 892901523 448742548 
204 1139 6290 33388 167433 778566 3307758 12654001 42790428 125037482 306595255 604978456 899883695 896302067 448122745 
204 1139 6290 33388 167433 778566 3307758 12654001 42790428 125037482 306595255 604978456 899883695 896302067 448122745 
204 1139 6290 33388 167433 778566 3307758 12654001 42790428 125037482 306595255 604978456 899883695 896302067 448122745 
204 1139 6290 33422 167501 778498 3306704 12643053 42721578 124754568 305691943 602844412 896331630 892620326 446314132 
204 1173 6222 32946 165155 768621 3266737 12503024 42334692 123895031 304322338 601699547 896916872 895246996 448459906 
204 1326 5916 29614 160072 752522 3111493 11867632 40585936 119164152 293163759 583644272 879185821 888662777 452444995 
204 1122 6324 33660 168402 783139 3326101 12719757 42982205 125515114 307536681 606278769 900876801 896203756 447448270 
204 1173 6222 32946 165155 768621 3266737 12503024 42334692 123895031 304322338 601699547 896916872 895246996 448459906 
204 1207 6154 32266 163829 763351 3232210 12366531 41914673 122746273 301732626 597412776 892291682 892901523 448742548 
204 1156 6256 33354 166090 771630 3277906 12534253 42386287 123871877 303829610 599872642 893021747 890415120 445744615 
204 1156 6256 33150 166498 773976 3288344 12578164 42536890 124316801 304906033 601898294 895837338 893025436 446968241 
204 1173 6222 32878 165835 770899 3265122 12488387 42244099 123432342 302720649 597797248 890242638 888317932 445367861 
204 1156 6256 33150 166498 773976 3288344 12578164 42536890 124316801 304906033 601898294 895837338 893025436 446968241 
204 1173 6222 32878 165835 770899 3265122 12488387 42244099 123432342 302720649 597797248 890242638 888317932 445367861 
204 1428 5712 27132 157590 750822 3001452 11390816 39578108 116442112 285439928 571109662 867903465 884428281 455248142 
204 1156 6256 33320 165954 771664 3279266 12550318 42461563 124137621 304539649 601195888 894560859 891240674 445658850 
204 1139 6290 33388 167433 778566 3307758 12654001 42790428 125037482 306595255 604978456 899883695 896302067 448122745 
204 1156 6256 33150 166498 773976 3288344 12578164 42536890 124316801 304906033 601898294 895837338 893025436 446968241 
204 1207 6154 32266 163829 763351 3232210 12366531 41914673 122746273 301732626 597412776 892291682 892901523 448742548 
204 1428 5712 27132 157590 750822 3001452 11390816 39578108 116442112 285439928 571109662 867903465 884428281 455248142 
204 1207 6154 32266 163829 763351 3232210 12366531 41914673 122746273 301732626 597412776 892291682 892901523 448742548 
204 1173 6222 33082 165257 767261 3259274 12466304 42162584 123238236 302363547 597242130 889651854 887846539 445027674 
204 1122 6324 33456 168980 785400 3336607 12758891 43116930 125872964 308318171 607677767 902842528 898234559 448669533 
204 1258 6052 31246 162486 757197 3172523 12123465 41173745 120432641 295726577 586233763 877648732 881515977 445902477 
204 1139 6290 33388 167433 778566 3307758 12654001 42790428 125037482 306595255 604978456 899883695 896302067 448122745 
204 1105 6358 33728 169779 789276 3356548 12835255 43371488 126594716 309978969 610576403 906340482 900632732 449110190 
204 1156 6256 33320 165954 771664 3279266 12550318 42461563 124137621 304539649 601195888 894560859 891240674 445658850 
204 1173 6222 32878 165835 770899 3265122 12488387 42244099 123432342 302720649 597797248 890242638 888317932 445367861 
204 1173 6222 33082 165257 767261 3259274 12466304 42162584 123238236 302363547 597242130 889651854 887846539 445027674 
204 1156 6256 33150 166498 773976 3288344 12578164 42536890 124316801 304906033 601898294 895837338 893025436 446968241 
204 1122 6324 33660 168402 783139 3326101 12719757 42982205 125515114 307536681 606278769 900876801 896203756 447448270 
204 1173 6222 32878 165835 770899 3265122 12488387 42244099 123432342 302720649 597797248 890242638 888317932 445367861 
204 1173 6222 32878 165835 770899 3265122 12488387 42244099 123432342 302720649 597797248 890242638 888317932 445367861 
204 1156 6256 33320 165954 771664 3279266 12550318 42461563 124137621 304539649 601195888 894560859 891240674 445658850 
204 1122 6324 33456 168980 785400 3336607 12758891 43116930 125872964 308318171 607677767 902842528 898234559 448669533 
204 1122 6324 33456 168980 785400 3336607 12758891 43116930 125872964 308318171 607677767 902842528 898234559 448669533 
204 1428 5712 27132 157590 750822 3001452 11390816 39578108 116442112 285439928 571109662 867903465 884428281 455248142 
204 1156 6256 33354 166090 771630 3277906 12534253 42386287 123871877 303829610 599872642 893021747 890415120 445744615 
204 1326 5916 29614 160072 752522 3111493 11867632 40585936 119164152 293163759 583644272 879185821 888662777 452444995 
204 1173 6222 33082 165257 767261 3259274 12466304 42162584 123238236 302363547 597242130 889651854 887846539 445027674 
204 1173 6222 32878 165835 770899 3265122 12488387 42244099 123432342 302720649 597797248 890242638 888317932 445367861 
204 1105 6358 33728 169779 789276 3356548 12835255 43371488 126594716 309978969 610576403 906340482 900632732 449110190 
204 1173 6222 33082 165257 767261 3259274 12466304 42162584 123238236 302363547 597242130 889651854 887846539 445027674 
204 1173 6222 32878 165835 770899 3265122 12488387 42244099 123432342 302720649 597797248 890242638 888317932 445367861 
204 1122 6324 33456 168980 785400 3336607 12758891 43116930 125872964 308318171 607677767 902842528 898234559 448669533 
204 1428 5712 27132 157590 750822 3001452 11390816 39578108 116442112 285439928 571109662 867903465 884428281 455248142 
204 1139 6290 33422 167501 778498 3306704 12643053 42721578 124754568 305691943 602844412 896331630 892620326 446314132 
204 1173 6222 33082 165257 767261 3259274 12466304 42162584 123238236 302363547 597242130 889651854 887846539 445027674 
204 1428 5712 27132 157590 750822 3001452 11390816 39578108 116442112 285439928 571109662 867903465 884428281 455248142 
204 1326 5916 29614 160072 752522 3111493 11867632 40585936 119164152 293163759 583644272 879185821 888662777 452444995 
204 1139 6290 33422 167501 778498 3306704 12643053 42721578 124754568 305691943 602844412 896331630 892620326 446314132 
204 1156 6256 33320 165954 771664 3279266 12550318 42461563 124137621 304539649 601195888 894560859 891240674 445658850 
204 1207 6154 32266 163829 763351 3232210 12366531 41914673 122746273 301732626 597412776 892291682 892901523 448742548 
204 1258 6052 31246 162486 757197 3172523 12123465 41173745 120432641 295726577 586233763 877648732 881515977 445902477 
204 1173 6222 32946 165155 768621 3266737 12503024 42334692 123895031 304322338 601699547 896916872 895246996 448459906 
204 1105 6358 33728 169779 789276 3356548 12835255 43371488 126594716 309978969 610576403 906340482 900632732 449110190 
204 1156 6256 33150 166498 773976 3288344 12578164 42536890 124316801 304906033 601898294 895837338 893025436 446968241 
204 1207 6154 32334 164067 762858 3226379 12340793 41800654 122262742 300218725 593985627 886764744 887415402 446422252 
204 1122 6324 33660 168402 783139 3326101 12719757 42982205 125515114 307536681 606278769 900876801 896203756 447448270 
204 1173 6222 33082 165257 767261 3259274 12466304 42162584 123238236 302363547 597242130 889651854 887846539 445027674 
204 1105 6358 33728 169779 789276 3356548 12835255 43371488 126594716 309978969 610576403 906340482 900632732 449110190 
204 1105 6358 33728 169779 789276 3356548 12835255 43371488 126594716 309978969 610576403 906340482 900632732 449110190 
204 1207 6154 32334 164067 762858 3226379 12340793 41800654 122262742 300218725 593985627 886764744 887415402 446422252 
204 1428 5712 27132 157590 750822 3001452 11390816 39578108 116442112 285439928 571109662 867903465 884428281 455248142 
204 1156 6256 33150 166498 773976 3288344 12578164 42536890 124316801 304906033 601898294 895837338 893025436 446968241 
204 1258 6052 31246 162486 757197 3172523 12123465 41173745 120432641 295726577 586233763 877648732 881515977 445902477 
204 1156 6256 33354 166090 771630 3277906 12534253 42386287 123871877 303829610 599872642 893021747 890415120 445744615 
204 1122 6324 33660 168402 783139 3326101 12719757 42982205 125515114 307536681 606278769 900876801 896203756 447448270 
204 1258 6052 31246 162486 757197 3172523 12123465 41173745 120432641 295726577 586233763 877648732 881515977 445902477 
204 1207 6154 32334 164067 762858 3226379 12340793 41800654 122262742 300218725 593985627 886764744 887415402 446422252 
204 1207 6154 32334 164067 762858 3226379 12340793 41800654 122262742 300218725 593985627 886764744 887415402 446422252 
204 1326 5916 29614 160072 752522 3111493 11867632 40585936 119164152 293163759 583644272 879185821 888662777 452444995 
204 1156 6256 33320 165954 771664 3279266 12550318 42461563 124137621 304539649 601195888 894560859 891240674 445658850 
204 1207 6154 32334 164067 762858 3226379 12340793 41800654 122262742 300218725 593985627 886764744 887415402 446422252 
204 1105 6358 33728 169779 789276 3356548 12835255 43371488 126594716 309978969 610576403 906340482 900632732 449110190 
204 1173 6222 32878 165835 770899 3265122 12488387 42244099 123432342 302720649 597797248 890242638 888317932 445367861 
204 1156 6256 33320 165954 771664 3279266 12550318 42461563 124137621 304539649 601195888 894560859 891240674 445658850 
204 1173 6222 33082 165257 767261 3259274 12466304 42162584 123238236 302363547 597242130 889651854 887846539 445027674 
204 1326 5916 29614 160072 752522 3111493 11867632 40585936 119164152 293163759 583644272 879185821 888662777 452444995 
204 1122 6324 33456 168980 785400 3336607 12758891 43116930 125872964 308318171 607677767 902842528 898234559 448669533 
204 1207 6154 32266 163829 763351 3232210 12366531 41914673 122746273 301732626 597412776 892291682 892901523 448742548 
204 1122 6324 33660 168402 783139 3326101 12719757 42982205 125515114 307536681 606278769 900876801 896203756 447448270 
204 1173 6222 32946 165155 768621 3266737 12503024 42334692 123895031 304322338 601699547 896916872 895246996 448459906 
204 1156 6256 33150 166498 773976 3288344 12578164 42536890 124316801 304906033 601898294 895837338 893025436 446968241 
204 1139 6290 33388 167433 778566 3307758 12654001 42790428 125037482 306595255 604978456 899883695 896302067 448122745 
204 1105 6358 33728 169779 789276 3356548 12835255 43371488 126594716 309978969 610576403 906340482 900632732 449110190 
204 1156 6256 33354 166090 771630 3277906 12534253 42386287 123871877 303829610 599872642 893021747 890415120 445744615 
204 1156 6256 33354 166090 771630 3277906 12534253 42386287 123871877 303829610 599872642 893021747 890415120 445744615 
204 1139 6290 33388 167433 778566 3307758 12654001 42790428 125037482 306595255 604978456 899883695 896302067 448122745 
204 1207 6154 32334 164067 762858 3226379 12340793 41800654 122262742 300218725 593985627 886764744 887415402 446422252 
204 1258 6052 31246 162486 757197 3172523 12123465 41173745 120432641 295726577 586233763 877648732 881515977 445902477 
204 1258 6052 31246 162486 757197 3172523 12123465 41173745 120432641 295726577 586233763 877648732 881515977 445902477 

