256

285 2280 10488 57456 391362 2228472 0 0 0 0 0 0 0 0 0 0 0 
285 2147 10754 61598 395941 2226344 0 0 0 0 0 0 0 0 0 0 0 
285 1976 11096 66652 402838 2240100 0 0 0 0 0 0 0 0 0 0 0 
285 1919 11210 68210 405593 2250360 0 0 0 0 0 0 0 0 0 0 0 
285 1881 11286 68932 408671 2266225 0 0 0 0 0 0 0 0 0 0 0 
285 1862 11324 69635 408690 2265750 0 0 0 0 0 0 0 0 0 0 0 
285 1805 11438 70376 414143 2295485 0 0 0 0 0 0 0 0 0 0 0 
285 1862 11324 69635 408690 2265750 0 0 0 0 0 0 0 0 0 0 0 
285 1824 11400 69920 413364 2291438 0 0 0 0 0 0 0 0 0 0 0 
285 1805 11438 70376 414409 2297005 0 0 0 0 0 0 0 0 0 0 0 
285 1862 11324 69711 409184 2265997 0 0 0 0 0 0 0 0 0 0 0 
285 1805 11438 70509 413991 2294801 0 0 0 0 0 0 0 0 0 0 0 
285 1824 11400 70300 412148 2284218 0 0 0 0 0 0 0 0 0 0 0 
285 1805 11438 70243 415017 2300102 0 0 0 0 0 0 0 0 0 0 0 
285 1976 11096 66785 403218 2238979 0 0 0 0 0 0 0 0 0 0 0 
285 2147 10754 61598 395941 2226344 0 0 0 0 0 0 0 0 0 0 0 
285 1881 11286 69445 407721 2256003 0 0 0 0 0 0 0 0 0 0 0 
285 1805 11438 70509 413991 2294801 0 0 0 0 0 0 0 0 0 0 0 
285 1767 11514 70851 418095 2317221 0 0 0 0 0 0 0 0 0 0 0 
285 1767 11514 70851 417905 2316575 0 0 0 0 0 0 0 0 0 0 0 
285 1767 11514 70851 417905 2316575 0 0 0 0 0 0 0 0 0 0 0 
285 1919 11210 68210 405593 2250360 0 0 0 0 0 0 0 0 0 0 0 
285 1881 11286 69445 407721 2256003 0 0 0 0 0 0 0 0 0 0 0 
285 1881 11286 68932 408671 2266225 0 0 0 0 0 0 0 0 0 0 0 
285 1881 11286 68932 408671 2266225 0 0 0 0 0 0 0 0 0 0 0 
285 1805 11438 70376 414143 2295485 0 0 0 0 0 0 0 0 0 0 0 
285 1767 11514 70851 417905 2316575 0 0 0 0 0 0 0 0 0 0 0 
285 1881 11286 69445 407721 2256003 0 0 0 0 0 0 0 0 0 0 0 
285 1824 11400 70300 412414 2284693 0 0 0 0 0 0 0 0 0 0 0 
285 1862 11324 69445 410134 2272229 0 0 0 0 0 0 0 0 0 0 0 
285 2052 10944 64581 400292 2231227 0 0 0 0 0 0 0 0 0 0 0 
285 2280 10488 57456 391362 2228472 0 0 0 0 0 0 0 0 0 0 0 
285 1843 11362 69844 411217 2277948 0 0 0 0 0 0 0 0 0 0 0 
285 1824 11400 70300 412148 2284218 0 0 0 0 0 0 0 0 0 0 0 
285 1824 11400 70300 412414 2284693 0 0 0 0 0 0 0 0 0 0 0 
285 1881 11286 68932 408671 2266225 0 0 0 0 0 0 0 0 0 0 0 
285 1824 11400 69920 413364 2291438 0 0 0 0 0 0 0 0 0 0 0 
285 1805 11438 70243 415017 2300102 0 0 0 0 0 0 0 0 0 0 0 
285 1805 11438 70376 414409 2297005 0 0 0 0 0 0 0 0 0 0 0 
285 1862 11324 69635 408690 2265750 0 0 0 0 0 0 0 0 0 0 0 
285 1843 11362 69844 411217 2277948 0 0 0 0 0 0 0 0 0 0 0 
285 1824 11400 70300 412414 2284693 0 0 0 0 0 0 0 0 0 0 0 
285 2052 10944 64581 400292 2231227 0 0 0 0 0 0 0 0 0 0 0 
285 1767 11514 70851 417905 2316575 0 0 0 0 0 0 0 0 0 0 0 
285 1767 11514 70908 417563 2315644 0 0 0 0 0 0 0 0 0 0 0 
285 1862 11324 69445 410134 2272229 0 0 0 0 0 0 0 0 0 0 0 
285 1862 11324 69711 409336 2266339 0 0 0 0 0 0 0 0 0 0 0 
285 1919 11210 68210 405593 2250360 0 0 0 0 0 0 0 0 0 0 0 
285 2052 10944 64581 400292 2231227 0 0 0 0 0 0 0 0 0 0 0 
285 1862 11324 69331 410058 2273103 0 0 0 0 0 0 0 0 0 0 0 
285 1767 11514 70851 417905 2316575 0 0 0 0 0 0 0 0 0 0 0 
285 1881 11286 69445 407721 2256003 0 0 0 0 0 0 0 0 0 0 0 
285 1862 11324 69711 409184 2265997 0 0 0 0 0 0 0 0 0 0 0 
285 1786 11476 70642 416138 2306163 0 0 0 0 0 0 0 0 0 0 0 
285 1805 11438 70509 413991 2294801 0 0 0 0 0 0 0 0 0 0 0 
285 1805 11438 70376 414143 2295485 0 0 0 0 0 0 0 0 0 0 0 
285 2280 10488 57456 391362 2228472 0 0 0 0 0 0 0 0 0 0 0 
285 1976 11096 66652 402838 2240100 0 0 0 0 0 0 0 0 0 0 0 
285 1881 11286 69445 407721 2256003 0 0 0 0 0 0 0 0 0 0 0 
285 1767 11514 70851 418095 2317221 0 0 0 0 0 0 0 0 0 0 0 
285 1919 11210 68020 407075 2257238 0 0 0 0 0 0 0 0 0 0 0 
285 1843 11362 70091 410609 2274053 0 0 0 0 0 0 0 0 0 0 0 
285 1862 11324 69331 410058 2273103 0 0 0 0 0 0 0 0 0 0 0 
285 1976 11096 66652 402838 2240100 0 0 0 0 0 0 0 0 0 0 0 
285 1862 11324 69445 410134 2272229 0 0 0 0 0 0 0 0 0 0 0 
285 1805 11438 70243 415017 2300102 0 0 0 0 0 0 0 0 0 0 0 
285 1843 11362 70091 410609 2274053 0 0 0 0 0 0 0 0 0 0 0 
285 1862 11324 69445 410134 2272229 0 0 0 0 0 0 0 0 0 0 0 
285 1919 11210 68210 405593 2250360 0 0 0 0 0 0 0 0 0 0 0 
285 1862 11324 69635 408690 2265750 0 0 0 0 0 0 0 0 0 0 0 
285 1786 11476 70642 416138 2306163 0 0 0 0 0 0 0 0 0 0 0 
285 1805 11438 70243 415017 2300102 0 0 0 0 0 0 0 0 0 0 0 
285 1805 11438 70243 415017 2300102 0 0 0 0 0 0 0 0 0 0 0 
285 1862 11324 69635 408690 2265750 0 0 0 0 0 0 0 0 0 0 0 
285 1786 11476 70642 416138 2306163 0 0 0 0 0 0 0 0 0 0 0 
285 1805 11438 70376 414143 2295485 0 0 0 0 0 0 0 0 0 0 0 
285 2147 10754 61598 395941 2226344 0 0 0 0 0 0 0 0 0 0 0 
285 1862 11324 69635 408690 2265750 0 0 0 0 0 0 0 0 0 0 0 
285 1900 11248 68989 406676 2251405 0 0 0 0 0 0 0 0 0 0 0 
285 1805 11438 70376 414409 2297005 0 0 0 0 0 0 0 0 0 0 0 
285 1805 11438 70376 414143 2295485 0 0 0 0 0 0 0 0 0 0 0 
285 1805 11438 70376 414409 2297005 0 0 0 0 0 0 0 0 0 0 0 
285 1976 11096 66652 402838 2240100 0 0 0 0 0 0 0 0 0 0 0 
285 1824 11400 70300 412414 2284693 0 0 0 0 0 0 0 0 0 0 0 
285 1805 11438 70509 413991 2294801 0 0 0 0 0 0 0 0 0 0 0 
285 2147 10754 61598 395941 2226344 0 0 0 0 0 0 0 0 0 0 0 
285 1862 11324 69331 410058 2273103 0 0 0 0 0 0 0 0 0 0 0 
285 1824 11400 70300 412148 2284218 0 0 0 0 0 0 0 0 0 0 0 
285 1862 11324 69635 408690 2265750 0 0 0 0 0 0 0 0 0 0 0 
285 1862 11324 69635 408690 2265750 0 0 0 0 0 0 0 0 0 0 0 
285 1919 11210 68210 405593 2250360 0 0 0 0 0 0 0 0 0 0 0 
285 1881 11286 68932 408671 2266225 0 0 0 0 0 0 0 0 0 0 0 
285 1805 11438 70376 414409 2297005 0 0 0 0 0 0 0 0 0 0 0 
285 1805 11438 70243 415017 2300102 0 0 0 0 0 0 0 0 0 0 0 
285 1862 11324 69711 409336 2266339 0 0 0 0 0 0 0 0 0 0 0 
285 1824 11400 69920 413364 2291438 0 0 0 0 0 0 0 0 0 0 0 
285 1767 11514 70908 417563 2315644 0 0 0 0 0 0 0 0 0 0 0 
285 1824 11400 69920 413364 2291438 0 0 0 0 0 0 0 0 0 0 0 
285 1919 11210 68020 407075 2257238 0 0 0 0 0 0 0 0 0 0 0 
285 2280 10488 57456 391362 2228472 0 0 0 0 0 0 0 0 0 0 0 
285 1862 11324 69711 409336 2266339 0 0 0 0 0 0 0 0 0 0 0 
285 1805 11438 70376 414409 2297005 0 0 0 0 0 0 0 0 0 0 0 
285 1900 11248 68989 406676 2251405 0 0 0 0 0 0 0 0 0 0 0 
285 2147 10754 61598 395941 2226344 0 0 0 0 0 0 0 0 0 0 0 
285 1824 11400 70300 412148 2284218 0 0 0 0 0 0 0 0 0 0 0 
285 1881 11286 68932 408671 2266225 0 0 0 0 0 0 0 0 0 0 0 
285 1862 11324 69331 410058 2273103 0 0 0 0 0 0 0 0 0 0 0 
285 1881 11286 69445 407721 2256003 0 0 0 0 0 0 0 0 0 0 0 
285 1976 11096 66785 403218 2238979 0 0 0 0 0 0 0 0 0 0 0 
285 1805 11438 70376 414143 2295485 0 0 0 0 0 0 0 0 0 0 0 
285 1786 11476 70528 416480 2308253 0 0 0 0 0 0 0 0 0 0 0 
285 1805 11438 70509 413991 2294801 0 0 0 0 0 0 0 0 0 0 0 
285 1976 11096 66785 403218 2238979 0 0 0 0 0 0 0 0 0 0 0 
285 1862 11324 69711 409336 2266339 0 0 0 0 0 0 0 0 0 0 0 
285 1862 11324 69711 409184 2265997 0 0 0 0 0 0 0 0 0 0 0 
285 2052 10944 64581 400292 2231227 0 0 0 0 0 0 0 0 0 0 0 
285 1786 11476 70528 416480 2308253 0 0 0 0 0 0 0 0 0 0 0 
285 1900 11248 68989 406676 2251405 0 0 0 0 0 0 0 0 0 0 0 
285 1786 11476 70528 416480 2308253 0 0 0 0 0 0 0 0 0 0 0 
285 1976 11096 66785 403218 2238979 0 0 0 0 0 0 0 0 0 0 0 
285 2147 10754 61598 395941 2226344 0 0 0 0 0 0 0 0 0 0 0 
285 1919 11210 68210 405593 2250360 0 0 0 0 0 0 0 0 0 0 0 
285 1805 11438 70509 413991 2294801 0 0 0 0 0 0 0 0 0 0 0 
285 1767 11514 70851 417905 2316575 0 0 0 0 0 0 0 0 0 0 0 
285 1900 11248 68989 406676 2251405 0 0 0 0 0 0 0 0 0 0 0 
285 1786 11476 70642 416138 2306163 0 0 0 0 0 0 0 0 0 0 0 
285 1786 11476 70528 416480 2308253 0 0 0 0 0 0 0 0 0 0 0 
285 1862 11324 69711 409184 2265997 0 0 0 0 0 0 0 0 0 0 0 
285 1919 11210 68020 407075 2257238 0 0 0 0 0 0 0 0 0 0 0 
285 1900 11248 68989 406676 2251405 0 0 0 0 0 0 0 0 0 0 0 
285 1843 11362 70091 410609 2274053 0 0 0 0 0 0 0 0 0 0 0 
285 1786 11476 70642 416138 2306163 0 0 0 0 0 0 0 0 0 0 0 
285 1824 11400 70300 412414 2284693 0 0 0 0 0 0 0 0 0 0 0 
285 1805 11438 70376 414409 2297005 0 0 0 0 0 0 0 0 0 0 0 
285 1862 11324 69445 410134 2272229 0 0 0 0 0 0 0 0 0 0 0 
285 1805 11438 70243 415017 2300102 0 0 0 0 0 0 0 0 0 0 0 
285 1767 11514 70908 417563 2315644 0 0 0 0 0 0 0 0 0 0 0 
285 1862 11324 69711 409336 2266339 0 0 0 0 0 0 0 0 0 0 0 
285 1919 11210 68020 407075 2257238 0 0 0 0 0 0 0 0 0 0 0 
285 1862 11324 69331 410058 2273103 0 0 0 0 0 0 0 0 0 0 0 
285 1843 11362 69844 411217 2277948 0 0 0 0 0 0 0 0 0 0 0 
285 1824 11400 69920 413364 2291438 0 0 0 0 0 0 0 0 0 0 0 
285 1767 11514 70908 417563 2315644 0 0 0 0 0 0 0 0 0 0 0 
285 1824 11400 70300 412148 2284218 0 0 0 0 0 0 0 0 0 0 0 
285 1862 11324 69331 410058 2273103 0 0 0 0 0 0 0 0 0 0 0 
285 1786 11476 70528 416480 2308253 0 0 0 0 0 0 0 0 0 0 0 
285 1976 11096 66652 402838 2240100 0 0 0 0 0 0 0 0 0 0 0 
285 1862 11324 69711 409184 2265997 0 0 0 0 0 0 0 0 0 0 0 
285 2052 10944 64581 400292 2231227 0 0 0 0 0 0 0 0 0 0 0 
285 1862 11324 69711 409336 2266339 0 0 0 0 0 0 0 0 0 0 0 
285 2280 10488 57456 391362 2228472 0 0 0 0 0 0 0 0 0 0 0 
285 1824 11400 69920 413364 2291438 0 0 0 0 0 0 0 0 0 0 0 
285 1824 11400 70300 412148 2284218 0 0 0 0 0 0 0 0 0 0 0 
285 1976 11096 66785 403218 2238979 0 0 0 0 0 0 0 0 0 0 0 
285 1824 11400 70300 412414 2284693 0 0 0 0 0 0 0 0 0 0 0 
285 2052 10944 64581 400292 2231227 0 0 0 0 0 0 0 0 0 0 0 
285 1843 11362 69844 411217 2277948 0 0 0 0 0 0 0 0 0 0 0 
285 1767 11514 70908 417563 2315644 0 0 0 0 0 0 0 0 0 0 0 
285 1843 11362 69844 411217 2277948 0 0 0 0 0 0 0 0 0 0 0 
285 1843 11362 69844 411217 2277948 0 0 0 0 0 0 0 0 0 0 0 
285 1767 11514 70908 417563 2315644 0 0 0 0 0 0 0 0 0 0 0 
285 1976 11096 66785 403218 2238979 0 0 0 0 0 0 0 0 0 0 0 
285 1862 11324 69445 410134 2272229 0 0 0 0 0 0 0 0 0 0 0 
285 1805 11438 70376 414143 2295485 0 0 0 0 0 0 0 0 0 0 0 
285 1824 11400 70300 412148 2284218 0 0 0 0 0 0 0 0 0 0 0 
285 2147 10754 61598 395941 2226344 0 0 0 0 0 0 0 0 0 0 0 
285 1805 11438 70243 415017 2300102 0 0 0 0 0 0 0 0 0 0 0 
285 1862 11324 69635 408690 2265750 0 0 0 0 0 0 0 0 0 0 0 
285 1843 11362 69844 411217 2277948 0 0 0 0 0 0 0 0 0 0 0 
285 2052 10944 64581 400292 2231227 0 0 0 0 0 0 0 0 0 0 0 
285 2280 10488 57456 391362 2228472 0 0 0 0 0 0 0 0 0 0 0 
285 1881 11286 69445 407721 2256003 0 0 0 0 0 0 0 0 0 0 0 
285 1843 11362 69844 411217 2277948 0 0 0 0 0 0 0 0 0 0 0 
285 2280 10488 57456 391362 2228472 0 0 0 0 0 0 0 0 0 0 0 
285 1824 11400 69920 413364 2291438 0 0 0 0 0 0 0 0 0 0 0 
285 1881 11286 68932 408671 2266225 0 0 0 0 0 0 0 0 0 0 0 
285 1862 11324 69711 409336 2266339 0 0 0 0 0 0 0 0 0 0 0 
285 1786 11476 70528 416480 2308253 0 0 0 0 0 0 0 0 0 0 0 
285 1919 11210 68210 405593 2250360 0 0 0 0 0 0 0 0 0 0 0 
285 1805 11438 70509 413991 2294801 0 0 0 0 0 0 0 0 0 0 0 
285 1976 11096 66785 403218 2238979 0 0 0 0 0 0 0 0 0 0 0 
285 1900 11248 68989 406676 2251405 0 0 0 0 0 0 0 0 0 0 0 
285 2147 10754 61598 395941 2226344 0 0 0 0 0 0 0 0 0 0 0 
285 1805 11438 70376 414409 2297005 0 0 0 0 0 0 0 0 0 0 0 
285 1824 11400 69920 413364 2291438 0 0 0 0 0 0 0 0 0 0 0 
285 1862 11324 69711 409184 2265997 0 0 0 0 0 0 0 0 0 0 0 
285 1881 11286 68932 408671 2266225 0 0 0 0 0 0 0 0 0 0 0 
285 1767 11514 70851 417905 2316575 0 0 0 0 0 0 0 0 0 0 0 
285 1767 11514 70908 417563 2315644 0 0 0 0 0 0 0 0 0 0 0 
285 1919 11210 68020 407075 2257238 0 0 0 0 0 0 0 0 0 0 0 
285 1824 11400 70300 412148 2284218 0 0 0 0 0 0 0 0 0 0 0 
285 1824 11400 70300 412414 2284693 0 0 0 0 0 0 0 0 0 0 0 
285 1843 11362 70091 410609 2274053 0 0 0 0 0 0 0 0 0 0 0 
285 1786 11476 70642 416138 2306163 0 0 0 0 0 0 0 0 0 0 0 
285 1710 11628 71250 424080 2349540 0 0 0 0 0 0 0 0 0 0 0 
285 1843 11362 70091 410609 2274053 0 0 0 0 0 0 0 0 0 0 0 
285 1976 11096 66652 402838 2240100 0 0 0 0 0 0 0 0 0 0 0 
285 1805 11438 70376 414143 2295485 0 0 0 0 0 0 0 0 0 0 0 
285 1843 11362 70091 410609 2274053 0 0 0 0 0 0 0 0 0 0 0 
285 1862 11324 69445 410134 2272229 0 0 0 0 0 0 0 0 0 0 0 
285 1862 11324 69445 410134 2272229 0 0 0 0 0 0 0 0 0 0 0 
285 1919 11210 68210 405593 2250360 0 0 0 0 0 0 0 0 0 0 0 
285 1843 11362 70091 410609 2274053 0 0 0 0 0 0 0 0 0 0 0 
285 1976 11096 66652 402838 2240100 0 0 0 0 0 0 0 0 0 0 0 
285 2280 10488 57456 391362 2228472 0 0 0 0 0 0 0 0 0 0 0 
285 1881 11286 68932 408671 2266225 0 0 0 0 0 0 0 0 0 0 0 
285 1919 11210 68020 407075 2257238 0 0 0 0 0 0 0 0 0 0 0 
285 1824 11400 70300 412414 2284693 0 0 0 0 0 0 0 0 0 0 0 
285 1786 11476 70642 416138 2306163 0 0 0 0 0 0 0 0 0 0 0 
285 1900 11248 68989 406676 2251405 0 0 0 0 0 0 0 0 0 0 0 
285 1843 11362 70091 410609 2274053 0 0 0 0 0 0 0 0 0 0 0 
285 1919 11210 68020 407075 2257238 0 0 0 0 0 0 0 0 0 0 0 
285 1862 11324 69711 409184 2265997 0 0 0 0 0 0 0 0 0 0 0 
285 1976 11096 66785 403218 2238979 0 0 0 0 0 0 0 0 0 0 0 
285 1919 11210 68020 407075 2257238 0 0 0 0 0 0 0 0 0 0 0 
285 1767 11514 70908 417563 2315644 0 0 0 0 0 0 0 0 0 0 0 
285 1805 11438 70243 415017 2300102 0 0 0 0 0 0 0 0 0 0 0 
285 2147 10754 61598 395941 2226344 0 0 0 0 0 0 0 0 0 0 0 
285 1862 11324 69445 410134 2272229 0 0 0 0 0 0 0 0 0 0 0 
285 2280 10488 57456 391362 2228472 0 0 0 0 0 0 0 0 0 0 0 
285 1824 11400 69920 413364 2291438 0 0 0 0 0 0 0 0 0 0 0 
285 1824 11400 70300 412148 2284218 0 0 0 0 0 0 0 0 0 0 0 
285 1767 11514 70908 417563 2315644 0 0 0 0 0 0 0 0 0 0 0 
285 1843 11362 69844 411217 2277948 0 0 0 0 0 0 0 0 0 0 0 
285 1919 11210 68020 407075 2257238 0 0 0 0 0 0 0 0 0 0 0 
285 1862 11324 69711 409184 2265997 0 0 0 0 0 0 0 0 0 0 0 
285 1843 11362 70091 410609 2274053 0 0 0 0 0 0 0 0 0 0 0 
285 1976 11096 66652 402838 2240100 0 0 0 0 0 0 0 0 0 0 0 
285 1862 11324 69331 410058 2273103 0 0 0 0 0 0 0 0 0 0 0 
285 1805 11438 70509 413991 2294801 0 0 0 0 0 0 0 0 0 0 0 
285 1786 11476 70642 416138 2306163 0 0 0 0 0 0 0 0 0 0 0 
285 1919 11210 68210 405593 2250360 0 0 0 0 0 0 0 0 0 0 0 
285 1824 11400 70300 412414 2284693 0 0 0 0 0 0 0 0 0 0 0 
285 1767 11514 70851 417905 2316575 0 0 0 0 0 0 0 0 0 0 0 
285 1976 11096 66652 402838 2240100 0 0 0 0 0 0 0 0 0 0 0 
285 1767 11514 70851 418095 2317221 0 0 0 0 0 0 0 0 0 0 0 
285 2052 10944 64581 400292 2231227 0 0 0 0 0 0 0 0 0 0 0 
285 1881 11286 69445 407721 2256003 0 0 0 0 0 0 0 0 0 0 0 
285 1862 11324 69711 409184 2265997 0 0 0 0 0 0 0 0 0 0 0 
285 1767 11514 70851 417905 2316575 0 0 0 0 0 0 0 0 0 0 0 
285 1900 11248 68989 406676 2251405 0 0 0 0 0 0 0 0 0 0 0 
285 1786 11476 70528 416480 2308253 0 0 0 0 0 0 0 0 0 0 0 
285 1786 11476 70642 416138 2306163 0 0 0 0 0 0 0 0 0 0 0 
285 1862 11324 69331 410058 2273103 0 0 0 0 0 0 0 0 0 0 0 
285 1786 11476 70528 416480 2308253 0 0 0 0 0 0 0 0 0 0 0 
285 1786 11476 70528 416480 2308253 0 0 0 0 0 0 0 0 0 0 0 
285 1900 11248 68989 406676 2251405 0 0 0 0 0 0 0 0 0 0 0 
285 1862 11324 69711 409336 2266339 0 0 0 0 0 0 0 0 0 0 0 
285 1805 11438 70376 414409 2297005 0 0 0 0 0 0 0 0 0 0 0 
285 1805 11438 70509 413991 2294801 0 0 0 0 0 0 0 0 0 0 0 
285 1805 11438 70376 414143 2295485 0 0 0 0 0 0 0 0 0 0 0 
285 1881 11286 69445 407721 2256003 0 0 0 0 0 0 0 0 0 0 0 
285 1862 11324 69711 409336 2266339 0 0 0 0 0 0 0 0 0 0 0 
285 1862 11324 69331 410058 2273103 0 0 0 0 0 0 0 0 0 0 0 
285 1976 11096 66785 403218 2238979 0 0 0 0 0 0 0 0 0 0 0 
285 2052 10944 64581 400292 2231227 0 0 0 0 0 0 0 0 0 0 0 

