128

140 840 2856 11480 55110 211200 663560 1917408 4821180 9582340 14348520 14660220 7604433 
140 765 3006 12845 56325 213045 696920 2018283 4972755 9842795 14721690 14845965 7555908 
140 690 3156 14030 58170 218595 728465 2110278 5149350 10132035 15054435 14997180 7508193 
140 675 3186 14255 58545 220110 734255 2127393 5189175 10203050 15143745 15059910 7519188 
140 660 3216 14330 59490 223110 744050 2152272 5238555 10276030 15217875 15101670 7529862 
140 675 3186 14255 58545 220110 734255 2127393 5189175 10203050 15143745 15059910 7519188 
140 690 3156 14060 58290 218445 726485 2102067 5122485 10063860 14941065 14886375 7462317 
140 765 3006 12845 56325 213045 696920 2018283 4972755 9842795 14721690 14845965 7555908 
140 690 3156 14095 58170 218055 726025 2100258 5119080 10064455 14950545 14897625 7463833 
140 660 3216 14380 59400 222885 741820 2145672 5219175 10237325 15160005 15045315 7504087 
140 720 3096 13625 57540 215700 712460 2061633 5035140 9898700 14722110 14729355 7429218 
140 660 3216 14330 59490 223110 744050 2152272 5238555 10276030 15217875 15101670 7529862 
140 690 3156 14095 58170 218055 726025 2100258 5119080 10064455 14950545 14897625 7463833 
140 660 3216 14350 59490 223050 742960 2148498 5227050 10252865 15183045 15070860 7519618 
140 720 3096 13625 57540 215700 712460 2061633 5035140 9898700 14722110 14729355 7429218 
140 840 2856 11480 55110 211200 663560 1917408 4821180 9582340 14348520 14660220 7604433 
140 660 3216 14350 59490 223050 742960 2148498 5227050 10252865 15183045 15070860 7519618 
140 675 3186 14255 58545 220110 734255 2127393 5189175 10203050 15143745 15059910 7519188 
140 690 3156 14080 58200 218130 726595 2102613 5124225 10074055 14963010 14908140 7468483 
140 765 3006 12845 56325 213045 696920 2018283 4972755 9842795 14721690 14845965 7555908 
140 660 3216 14380 59400 222885 741820 2145672 5219175 10237325 15160005 15045315 7504087 
140 765 3006 12845 56325 213045 696920 2018283 4972755 9842795 14721690 14845965 7555908 
140 690 3156 14110 58110 217965 725335 2099142 5118450 10065130 14953605 14898600 7462327 
140 675 3186 14255 58545 220110 734255 2127393 5189175 10203050 15143745 15059910 7519188 
140 810 2916 12015 55890 212220 674145 1950318 4858380 9597825 14334570 14580000 7520688 
140 690 3156 14110 58110 217965 725335 2099142 5118450 10065130 14953605 14898600 7462327 
140 660 3216 14365 59430 222930 742540 2147373 5224515 10248695 15177645 15064080 7513873 
140 690 3156 14060 58290 218445 726485 2102067 5122485 10063860 14941065 14886375 7462317 
140 810 2916 12015 55890 212220 674145 1950318 4858380 9597825 14334570 14580000 7520688 
140 690 3156 14080 58200 218130 726595 2102613 5124225 10074055 14963010 14908140 7468483 
140 660 3216 14365 59430 222930 742540 2147373 5224515 10248695 15177645 15064080 7513873 
140 690 3156 14030 58170 218595 728465 2110278 5149350 10132035 15054435 14997180 7508193 
140 675 3186 14225 58875 220650 733880 2122332 5164860 10133300 15017745 14925285 7459632 
140 690 3156 14080 58200 218130 726595 2102613 5124225 10074055 14963010 14908140 7468483 
140 675 3186 14225 58875 220650 733880 2122332 5164860 10133300 15017745 14925285 7459632 
140 660 3216 14350 59490 223050 742960 2148498 5227050 10252865 15183045 15070860 7519618 
140 765 3006 12875 56625 213000 690875 2007000 4950375 9669875 14446125 14475375 7256475 
140 690 3156 14110 58110 217965 725335 2099142 5118450 10065130 14953605 14898600 7462327 
140 765 3006 12875 56625 213000 690875 2007000 4950375 9669875 14446125 14475375 7256475 
140 660 3216 14380 59400 222885 741820 2145672 5219175 10237325 15160005 15045315 7504087 
140 660 3216 14350 59490 223050 742960 2148498 5227050 10252865 15183045 15070860 7519618 
140 810 2916 12015 55890 212220 674145 1950318 4858380 9597825 14334570 14580000 7520688 
140 840 2856 11480 55110 211200 663560 1917408 4821180 9582340 14348520 14660220 7604433 
140 690 3156 14095 58170 218055 726025 2100258 5119080 10064455 14950545 14897625 7463833 
140 660 3216 14380 59400 222885 741820 2145672 5219175 10237325 15160005 15045315 7504087 
140 810 2916 12015 55890 212220 674145 1950318 4858380 9597825 14334570 14580000 7520688 
140 660 3216 14330 59490 223110 744050 2152272 5238555 10276030 15217875 15101670 7529862 
140 690 3156 14095 58170 218055 726025 2100258 5119080 10064455 14950545 14897625 7463833 
140 675 3186 14225 58875 220650 733880 2122332 5164860 10133300 15017745 14925285 7459632 
140 690 3156 14030 58170 218595 728465 2110278 5149350 10132035 15054435 14997180 7508193 
140 675 3186 14225 58875 220650 733880 2122332 5164860 10133300 15017745 14925285 7459632 
140 840 2856 11480 55110 211200 663560 1917408 4821180 9582340 14348520 14660220 7604433 
140 765 3006 12875 56625 213000 690875 2007000 4950375 9669875 14446125 14475375 7256475 
140 690 3156 14060 58290 218445 726485 2102067 5122485 10063860 14941065 14886375 7462317 
140 765 3006 12875 56625 213000 690875 2007000 4950375 9669875 14446125 14475375 7256475 
140 660 3216 14330 59490 223110 744050 2152272 5238555 10276030 15217875 15101670 7529862 
140 690 3156 14080 58200 218130 726595 2102613 5124225 10074055 14963010 14908140 7468483 
140 660 3216 14365 59430 222930 742540 2147373 5224515 10248695 15177645 15064080 7513873 
140 690 3156 14030 58170 218595 728465 2110278 5149350 10132035 15054435 14997180 7508193 
140 720 3096 13625 57540 215700 712460 2061633 5035140 9898700 14722110 14729355 7429218 
140 690 3156 14110 58110 217965 725335 2099142 5118450 10065130 14953605 14898600 7462327 
140 660 3216 14365 59430 222930 742540 2147373 5224515 10248695 15177645 15064080 7513873 
140 690 3156 14060 58290 218445 726485 2102067 5122485 10063860 14941065 14886375 7462317 
140 720 3096 13625 57540 215700 712460 2061633 5035140 9898700 14722110 14729355 7429218 
140 720 3096 13625 57540 215700 712460 2061633 5035140 9898700 14722110 14729355 7429218 
140 690 3156 14060 58290 218445 726485 2102067 5122485 10063860 14941065 14886375 7462317 
140 660 3216 14365 59430 222930 742540 2147373 5224515 10248695 15177645 15064080 7513873 
140 690 3156 14110 58110 217965 725335 2099142 5118450 10065130 14953605 14898600 7462327 
140 720 3096 13625 57540 215700 712460 2061633 5035140 9898700 14722110 14729355 7429218 
140 690 3156 14030 58170 218595 728465 2110278 5149350 10132035 15054435 14997180 7508193 
140 660 3216 14365 59430 222930 742540 2147373 5224515 10248695 15177645 15064080 7513873 
140 690 3156 14080 58200 218130 726595 2102613 5124225 10074055 14963010 14908140 7468483 
140 660 3216 14330 59490 223110 744050 2152272 5238555 10276030 15217875 15101670 7529862 
140 765 3006 12875 56625 213000 690875 2007000 4950375 9669875 14446125 14475375 7256475 
140 690 3156 14060 58290 218445 726485 2102067 5122485 10063860 14941065 14886375 7462317 
140 765 3006 12875 56625 213000 690875 2007000 4950375 9669875 14446125 14475375 7256475 
140 840 2856 11480 55110 211200 663560 1917408 4821180 9582340 14348520 14660220 7604433 
140 675 3186 14225 58875 220650 733880 2122332 5164860 10133300 15017745 14925285 7459632 
140 690 3156 14030 58170 218595 728465 2110278 5149350 10132035 15054435 14997180 7508193 
140 675 3186 14225 58875 220650 733880 2122332 5164860 10133300 15017745 14925285 7459632 
140 690 3156 14095 58170 218055 726025 2100258 5119080 10064455 14950545 14897625 7463833 
140 660 3216 14330 59490 223110 744050 2152272 5238555 10276030 15217875 15101670 7529862 
140 810 2916 12015 55890 212220 674145 1950318 4858380 9597825 14334570 14580000 7520688 
140 660 3216 14380 59400 222885 741820 2145672 5219175 10237325 15160005 15045315 7504087 
140 690 3156 14095 58170 218055 726025 2100258 5119080 10064455 14950545 14897625 7463833 
140 840 2856 11480 55110 211200 663560 1917408 4821180 9582340 14348520 14660220 7604433 
140 810 2916 12015 55890 212220 674145 1950318 4858380 9597825 14334570 14580000 7520688 
140 660 3216 14350 59490 223050 742960 2148498 5227050 10252865 15183045 15070860 7519618 
140 660 3216 14380 59400 222885 741820 2145672 5219175 10237325 15160005 15045315 7504087 
140 765 3006 12875 56625 213000 690875 2007000 4950375 9669875 14446125 14475375 7256475 
140 690 3156 14110 58110 217965 725335 2099142 5118450 10065130 14953605 14898600 7462327 
140 765 3006 12875 56625 213000 690875 2007000 4950375 9669875 14446125 14475375 7256475 
140 660 3216 14350 59490 223050 742960 2148498 5227050 10252865 15183045 15070860 7519618 
140 675 3186 14225 58875 220650 733880 2122332 5164860 10133300 15017745 14925285 7459632 
140 690 3156 14080 58200 218130 726595 2102613 5124225 10074055 14963010 14908140 7468483 
140 675 3186 14225 58875 220650 733880 2122332 5164860 10133300 15017745 14925285 7459632 
140 690 3156 14030 58170 218595 728465 2110278 5149350 10132035 15054435 14997180 7508193 
140 660 3216 14365 59430 222930 742540 2147373 5224515 10248695 15177645 15064080 7513873 
140 690 3156 14080 58200 218130 726595 2102613 5124225 10074055 14963010 14908140 7468483 
140 810 2916 12015 55890 212220 674145 1950318 4858380 9597825 14334570 14580000 7520688 
140 690 3156 14060 58290 218445 726485 2102067 5122485 10063860 14941065 14886375 7462317 
140 660 3216 14365 59430 222930 742540 2147373 5224515 10248695 15177645 15064080 7513873 
140 690 3156 14110 58110 217965 725335 2099142 5118450 10065130 14953605 14898600 7462327 
140 810 2916 12015 55890 212220 674145 1950318 4858380 9597825 14334570 14580000 7520688 
140 675 3186 14255 58545 220110 734255 2127393 5189175 10203050 15143745 15059910 7519188 
140 690 3156 14110 58110 217965 725335 2099142 5118450 10065130 14953605 14898600 7462327 
140 765 3006 12845 56325 213045 696920 2018283 4972755 9842795 14721690 14845965 7555908 
140 660 3216 14380 59400 222885 741820 2145672 5219175 10237325 15160005 15045315 7504087 
140 765 3006 12845 56325 213045 696920 2018283 4972755 9842795 14721690 14845965 7555908 
140 690 3156 14080 58200 218130 726595 2102613 5124225 10074055 14963010 14908140 7468483 
140 675 3186 14255 58545 220110 734255 2127393 5189175 10203050 15143745 15059910 7519188 
140 660 3216 14350 59490 223050 742960 2148498 5227050 10252865 15183045 15070860 7519618 
140 840 2856 11480 55110 211200 663560 1917408 4821180 9582340 14348520 14660220 7604433 
140 720 3096 13625 57540 215700 712460 2061633 5035140 9898700 14722110 14729355 7429218 
140 660 3216 14350 59490 223050 742960 2148498 5227050 10252865 15183045 15070860 7519618 
140 690 3156 14095 58170 218055 726025 2100258 5119080 10064455 14950545 14897625 7463833 
140 660 3216 14330 59490 223110 744050 2152272 5238555 10276030 15217875 15101670 7529862 
140 720 3096 13625 57540 215700 712460 2061633 5035140 9898700 14722110 14729355 7429218 
140 660 3216 14380 59400 222885 741820 2145672 5219175 10237325 15160005 15045315 7504087 
140 690 3156 14095 58170 218055 726025 2100258 5119080 10064455 14950545 14897625 7463833 
140 765 3006 12845 56325 213045 696920 2018283 4972755 9842795 14721690 14845965 7555908 
140 690 3156 14060 58290 218445 726485 2102067 5122485 10063860 14941065 14886375 7462317 
140 675 3186 14255 58545 220110 734255 2127393 5189175 10203050 15143745 15059910 7519188 
140 660 3216 14330 59490 223110 744050 2152272 5238555 10276030 15217875 15101670 7529862 
140 675 3186 14255 58545 220110 734255 2127393 5189175 10203050 15143745 15059910 7519188 
140 690 3156 14030 58170 218595 728465 2110278 5149350 10132035 15054435 14997180 7508193 
140 765 3006 12845 56325 213045 696920 2018283 4972755 9842795 14721690 14845965 7555908 
140 840 2856 11480 55110 211200 663560 1917408 4821180 9582340 14348520 14660220 7604433 

