1214

55 220 484 1232 3399 6644 9350 9592 5109 
55 208 508 1345 3429 6645 9642 9751 5043 
55 204 516 1388 3423 6616 9766 9819 4979 
55 200 524 1411 3473 6712 9826 9839 4992 
55 200 524 1411 3481 6703 9781 9809 5006 
55 200 524 1411 3473 6712 9826 9839 4992 
55 196 532 1438 3519 6772 9875 9852 4984 
55 200 524 1419 3449 6672 9852 9851 4991 
55 200 524 1411 3465 6706 9892 9904 5011 
55 197 530 1427 3506 6784 9948 9929 5035 
55 200 524 1419 3449 6672 9852 9851 4991 
55 196 532 1442 3507 6766 9834 9844 5044 
55 192 540 1477 3525 6784 9947 9883 4997 
55 192 540 1473 3525 6804 10018 9959 5005 
55 189 546 1485 3582 6890 10077 9987 5021 
55 192 540 1477 3517 6793 9982 9919 4991 
55 196 532 1450 3483 6709 9893 9874 4974 
55 192 540 1473 3537 6800 9946 9906 4984 
55 192 540 1473 3525 6804 10018 9959 5005 
55 196 532 1450 3483 6709 9893 9874 4974 
55 196 532 1450 3475 6716 9936 9908 5012 
55 200 524 1415 3465 6675 9850 9816 4985 
55 193 538 1462 3526 6805 10003 9980 5039 
55 192 540 1477 3513 6790 10011 9978 5027 
55 196 532 1458 3463 6672 9882 9878 4985 
55 192 540 1473 3521 6801 10043 10023 5051 
55 196 532 1450 3475 6716 9936 9908 5012 
55 196 532 1462 3443 6651 9936 9911 4995 
55 197 530 1427 3510 6768 9924 9981 5076 
55 192 540 1477 3517 6777 10008 9982 5028 
55 200 524 1427 3441 6618 9780 9828 5001 
55 192 540 1477 3517 6777 10008 9982 5028 
55 192 540 1477 3513 6790 10011 9978 5027 
55 196 532 1458 3463 6672 9882 9878 4985 
55 193 538 1462 3526 6805 10003 9980 5039 
55 192 540 1489 3481 6729 9991 9947 4957 
55 192 540 1473 3525 6804 10014 9957 5001 
55 189 546 1497 3538 6843 10095 10029 5023 
55 192 540 1489 3485 6726 9976 9935 4994 
55 189 546 1497 3540 6838 10101 10028 5039 
55 188 548 1504 3555 6853 10083 10012 5037 
55 189 546 1497 3546 6833 10069 10003 5044 
55 188 548 1508 3551 6836 10041 9959 5016 
55 192 540 1489 3489 6724 9958 9918 5011 
55 196 532 1470 3435 6605 9872 9864 4977 
55 188 548 1508 3551 6836 10041 9959 5016 
55 188 548 1504 3555 6853 10083 10012 5037 
55 189 546 1497 3540 6838 10101 10028 5039 
55 189 546 1497 3538 6843 10095 10029 5023 
55 192 540 1473 3537 6800 9946 9906 4984 
55 188 548 1504 3557 6855 10058 9982 4985 
55 189 546 1497 3548 6833 10062 9973 4982 
55 189 546 1497 3544 6840 10061 9997 4991 
55 192 540 1481 3501 6767 10027 9964 4975 
55 191 542 1478 3536 6838 10047 10002 5030 
55 192 540 1473 3527 6804 10009 9963 5010 
55 193 538 1458 3528 6841 10047 10013 5050 
55 196 532 1446 3483 6744 9953 9927 5009 
55 193 538 1470 3516 6758 9945 9895 4980 
55 192 540 1477 3517 6793 9982 9919 4991 
55 192 540 1489 3489 6721 9983 9907 4974 
55 188 548 1500 3567 6873 10092 10006 5018 
55 196 532 1446 3483 6745 9950 9900 5011 
55 187 550 1509 3568 6883 10105 10034 5046 
55 184 556 1523 3615 6958 10194 10106 5051 
55 188 548 1504 3553 6860 10075 9999 5026 
55 189 546 1497 3544 6841 10064 10016 5047 
55 188 548 1504 3555 6861 10073 10027 5032 
55 192 540 1481 3501 6769 10021 9970 5021 
55 189 546 1497 3544 6846 10053 9988 5043 
55 193 538 1462 3516 6830 10029 9994 5064 
55 192 540 1477 3513 6781 10016 10004 5039 
55 186 552 1515 3583 6890 10147 10068 5052 
55 186 552 1515 3575 6898 10179 10083 5046 
55 188 548 1508 3549 6838 10044 9976 5011 
55 188 548 1504 3549 6860 10115 10034 5028 
55 192 540 1477 3523 6783 9963 9921 5009 
55 188 548 1508 3545 6845 10051 9963 4993 
55 191 542 1478 3544 6826 10019 9978 5032 
55 187 550 1505 3576 6896 10153 10065 5033 
55 192 540 1473 3545 6791 9909 9867 5000 
55 186 552 1511 3599 6909 10115 9998 5016 
55 189 546 1485 3582 6890 10077 9987 5021 
55 193 538 1470 3516 6758 9945 9895 4980 
55 192 540 1477 3525 6784 9947 9883 4997 
55 192 540 1485 3505 6739 9950 9886 4984 
55 189 546 1489 3568 6864 10097 10019 5036 
55 188 548 1512 3537 6816 10047 10000 5016 
55 186 552 1515 3579 6893 10154 10095 5054 
55 189 546 1497 3546 6838 10058 9980 5024 
55 188 548 1504 3559 6848 10058 10016 5037 
55 188 548 1504 3557 6846 10077 10042 5038 
55 192 540 1485 3501 6737 9976 9908 4989 
55 189 546 1497 3546 6838 10058 9980 5024 
55 188 548 1504 3557 6846 10077 10042 5038 
55 186 552 1515 3579 6893 10154 10095 5054 
55 189 546 1489 3568 6864 10097 10019 5036 
55 188 548 1512 3537 6816 10047 10000 5016 
55 192 540 1485 3505 6739 9950 9886 4984 
55 192 540 1477 3523 6783 9963 9921 5009 
55 191 542 1478 3544 6826 10019 9978 5032 
55 189 546 1497 3548 6833 10062 9973 4982 
55 188 548 1504 3557 6855 10058 9982 4985 
55 187 550 1505 3576 6896 10153 10065 5033 
55 188 548 1508 3545 6845 10051 9963 4993 
55 188 548 1504 3549 6860 10115 10034 5028 
55 186 552 1515 3575 6898 10179 10083 5046 
55 186 552 1515 3583 6890 10147 10068 5052 
55 192 540 1481 3501 6769 10021 9970 5021 
55 188 548 1504 3553 6860 10075 9999 5026 
55 188 548 1504 3555 6861 10073 10027 5032 
55 184 556 1523 3615 6958 10194 10106 5051 
55 188 548 1500 3567 6873 10092 10006 5018 
55 189 546 1497 3544 6841 10064 10016 5047 
55 187 550 1509 3568 6883 10105 10034 5046 
55 192 540 1489 3489 6721 9983 9907 4974 
55 192 540 1473 3527 6804 10009 9963 5010 
55 191 542 1478 3536 6838 10047 10002 5030 
55 192 540 1481 3501 6767 10027 9964 4975 
55 189 546 1493 3574 6840 9987 9926 4993 
55 187 550 1509 3576 6871 10091 9994 4982 
55 186 552 1520 3579 6864 10085 9963 4974 
55 187 550 1509 3576 6871 10091 9994 4982 
55 189 546 1489 3566 6872 10102 9992 4987 
55 187 550 1500 3596 6916 10131 10029 5027 
55 188 548 1500 3573 6877 10039 9949 5003 
55 189 546 1493 3574 6840 9987 9926 4993 
55 188 548 1504 3559 6846 10086 9981 4998 
55 188 548 1504 3549 6855 10122 10046 5024 
55 184 556 1527 3609 6934 10172 10064 5017 
55 182 560 1535 3641 6994 10237 10127 5056 
55 187 550 1509 3564 6887 10123 10056 5051 
55 186 552 1515 3583 6891 10136 10073 5041 
55 186 552 1515 3583 6891 10136 10073 5041 
55 182 560 1535 3641 6994 10237 10127 5056 
55 188 548 1504 3549 6855 10122 10046 5024 
55 188 548 1504 3559 6846 10086 9981 4998 
55 187 550 1509 3568 6883 10109 10014 5011 
55 188 548 1516 3517 6807 10085 10005 5005 
55 188 548 1508 3547 6838 10059 9986 5015 
55 193 538 1462 3516 6825 10044 10010 5062 
55 192 540 1481 3505 6775 9987 9944 5015 
55 188 548 1512 3533 6820 10069 9985 5009 
55 184 556 1527 3605 6942 10184 10094 5054 
55 188 548 1512 3539 6826 10028 9941 4999 
55 188 548 1504 3555 6857 10085 10033 5036 
55 188 548 1512 3543 6817 10021 9950 5012 
55 188 548 1512 3537 6816 10061 9955 5007 
55 188 548 1504 3557 6847 10098 9996 5016 
55 187 550 1513 3554 6863 10125 10046 5036 
55 187 550 1509 3556 6887 10177 10102 5047 
55 192 540 1493 3465 6721 10014 9967 4971 
55 189 546 1489 3558 6876 10144 10071 5060 
55 186 552 1515 3573 6895 10195 10097 5041 
55 186 552 1515 3577 6889 10187 10079 5048 
55 184 556 1523 3613 6953 10224 10124 5072 
55 187 550 1509 3566 6881 10136 10039 5028 
55 188 548 1504 3551 6856 10114 10027 5007 
55 190 544 1477 3557 6903 10135 10102 5101 
55 187 550 1513 3558 6859 10117 10012 5030 
55 185 554 1516 3602 6945 10191 10105 5061 
55 187 550 1513 3556 6861 10120 10035 5026 
55 185 554 1516 3600 6953 10194 10134 5073 
55 185 554 1516 3602 6945 10191 10105 5061 
55 186 552 1508 3597 6930 10181 10109 5084 
55 185 554 1516 3600 6953 10194 10134 5073 
55 187 550 1513 3558 6859 10117 10012 5030 
55 187 550 1509 3566 6881 10136 10039 5028 
55 187 550 1509 3556 6887 10177 10102 5047 
55 188 548 1504 3551 6856 10114 10027 5007 
55 188 548 1504 3557 6847 10098 9996 5016 
55 188 548 1512 3537 6816 10061 9955 5007 
55 188 548 1512 3539 6826 10028 9941 4999 
55 187 550 1513 3554 6863 10125 10046 5036 
55 188 548 1504 3555 6857 10085 10033 5036 
55 188 548 1512 3543 6817 10021 9950 5012 
55 184 556 1527 3605 6942 10184 10094 5054 
55 188 548 1508 3547 6838 10059 9986 5015 
55 188 548 1512 3533 6820 10069 9985 5009 
55 188 548 1516 3517 6807 10085 10005 5005 
55 187 550 1509 3568 6883 10109 10014 5011 
55 185 554 1516 3610 6938 10146 10075 5046 
55 188 548 1512 3547 6815 9985 9932 4999 
55 185 554 1516 3602 6945 10189 10107 5060 
55 188 548 1512 3539 6822 10032 9958 5011 
55 185 554 1508 3636 6969 10140 10104 5112 
55 188 548 1508 3567 6843 9912 9891 5025 
55 184 556 1531 3597 6935 10136 10053 5026 
55 188 548 1512 3539 6822 10032 9958 5011 
55 185 554 1516 3602 6945 10189 10107 5060 
55 188 548 1512 3547 6815 9985 9932 4999 
55 185 554 1516 3610 6938 10146 10075 5046 
55 188 548 1508 3561 6822 10012 9890 4973 
55 189 546 1501 3542 6809 10044 9951 4969 
55 181 562 1543 3654 7007 10215 10077 5029 
55 181 562 1543 3648 7008 10263 10108 5031 
55 184 556 1539 3577 6902 10095 9983 5003 
55 185 554 1524 3594 6904 10092 10000 5023 
55 187 550 1505 3578 6898 10142 10041 5037 
55 188 548 1504 3557 6863 10058 9972 5024 
55 188 548 1512 3539 6819 10041 9954 5001 
55 183 558 1528 3644 6971 10153 10065 5049 
55 180 564 1550 3663 7024 10244 10098 5042 
55 180 564 1550 3655 7027 10279 10150 5068 
55 184 556 1527 3623 6932 10085 10003 5022 
55 184 556 1539 3593 6891 10030 9926 4998 
55 181 562 1543 3656 7000 10233 10103 5052 
55 184 556 1535 3591 6902 10127 10036 5010 
55 182 560 1538 3633 6981 10228 10128 5063 
55 185 554 1528 3572 6894 10136 10051 5040 
55 184 556 1535 3593 6908 10090 10001 5027 
55 184 556 1539 3577 6898 10103 10003 5016 
55 184 556 1535 3595 6902 10099 9991 5016 
55 181 562 1543 3652 7002 10255 10099 5035 
55 184 556 1531 3593 6927 10150 10049 5033 
55 183 558 1540 3594 6938 10178 10093 5046 
55 181 562 1547 3628 6999 10271 10167 5058 
55 183 558 1532 3618 6966 10204 10093 5042 
55 181 562 1540 3650 7020 10302 10167 5074 
55 184 556 1535 3583 6907 10164 10061 5027 
55 189 546 1501 3538 6816 10055 9969 4997 
55 180 564 1550 3655 7027 10279 10150 5068 
55 180 564 1549 3651 7027 10330 10213 5117 
55 180 564 1550 3659 7028 10254 10137 5053 
55 180 564 1550 3657 7024 10277 10160 5063 
55 184 556 1535 3585 6910 10142 10044 5025 
55 184 556 1535 3579 6911 10180 10085 5033 
55 184 556 1531 3597 6924 10153 10051 5036 
55 185 554 1524 3578 6914 10176 10095 5053 
55 182 560 1531 3639 7021 10314 10187 5072 
55 182 560 1538 3627 6982 10262 10159 5069 
55 182 560 1543 3611 6965 10259 10152 5057 
55 184 556 1531 3595 6919 10169 10064 5023 
55 185 554 1517 3622 6920 10111 9950 5001 
55 186 552 1512 3597 6905 10123 9985 4979 
55 182 560 1531 3653 7009 10259 10094 5032 
55 185 554 1524 3592 6902 10123 10000 5015 
55 182 560 1539 3635 6977 10204 10075 5030 
55 182 560 1531 3639 7021 10314 10187 5072 
55 185 554 1524 3578 6914 10176 10095 5053 
55 184 556 1527 3609 6938 10158 10062 5036 
55 184 556 1519 3617 6989 10239 10157 5077 
55 185 554 1516 3602 6951 10191 10101 5061 
55 181 562 1543 3648 7008 10263 10108 5031 
55 181 562 1540 3650 7020 10302 10167 5074 
55 181 562 1543 3646 7012 10270 10143 5049 
55 181 562 1540 3648 7024 10307 10206 5094 
55 187 550 1505 3578 6898 10142 10041 5037 
55 181 562 1543 3656 7000 10233 10103 5052 
55 181 562 1547 3636 6996 10246 10144 5061 
55 178 568 1547 3719 7109 10440 10276 5159 
55 179 566 1548 3684 7072 10387 10256 5132 
55 182 560 1535 3637 6992 10275 10168 5083 
55 182 560 1535 3635 7000 10266 10166 5074 
55 182 560 1538 3623 6993 10273 10183 5078 
55 183 558 1536 3616 6937 10183 10064 5033 
55 180 564 1546 3667 7040 10305 10153 5048 
55 183 558 1540 3596 6936 10175 10082 5037 
55 181 562 1547 3630 6997 10270 10150 5042 
55 184 556 1531 3595 6919 10169 10064 5023 
55 185 554 1520 3596 6931 10151 10040 5016 
55 184 556 1523 3617 6961 10188 10049 5003 
55 188 548 1508 3561 6822 10012 9890 4973 
55 187 550 1509 3568 6881 10113 10018 5000 
55 185 554 1524 3592 6902 10123 10000 5015 
55 188 548 1516 3535 6788 10027 9918 4980 
55 184 556 1535 3585 6918 10116 10027 5013 
55 183 558 1531 3612 6975 10267 10159 5076 
55 184 556 1531 3589 6940 10167 10057 5029 
55 186 552 1512 3581 6925 10161 10083 5050 
55 184 556 1539 3577 6902 10095 9983 5003 
55 184 556 1535 3583 6907 10164 10061 5027 
55 184 556 1535 3579 6914 10175 10083 5028 
55 187 550 1513 3550 6871 10137 10058 5034 
55 182 560 1539 3621 6987 10263 10152 5060 
55 180 564 1550 3659 7028 10254 10137 5053 
55 180 564 1550 3657 7024 10279 10156 5060 
55 184 556 1535 3585 6910 10142 10044 5025 
55 185 554 1524 3572 6920 10189 10124 5065 
55 183 558 1532 3606 6979 10255 10161 5058 
55 188 548 1516 3527 6797 10056 9962 4986 
55 185 554 1524 3584 6911 10152 10044 5027 
55 184 556 1539 3569 6902 10137 10047 5017 
55 184 556 1535 3579 6919 10140 10066 5045 
55 188 548 1524 3503 6767 10032 9951 4967 
55 186 552 1515 3579 6901 10156 10057 5019 
55 185 554 1520 3596 6931 10151 10040 5016 
55 183 558 1532 3618 6966 10204 10093 5042 
55 188 548 1516 3531 6790 10025 9945 4982 
55 185 554 1524 3592 6899 10122 10023 5024 
55 184 556 1535 3593 6911 10091 9980 5009 
55 184 556 1535 3587 6901 10156 10051 5026 
55 188 548 1512 3539 6819 10041 9954 5001 
55 184 556 1531 3601 6923 10114 10025 5033 
55 184 556 1531 3599 6917 10143 10059 5042 
55 188 548 1520 3511 6782 10052 9989 5011 
55 192 540 1501 3457 6667 9954 9918 4977 
55 188 548 1520 3523 6776 10002 9929 4983 
55 185 554 1524 3586 6904 10144 10069 5044 
55 183 558 1532 3614 6967 10229 10133 5062 
55 185 554 1528 3572 6889 10143 10073 5050 
55 183 558 1536 3604 6956 10192 10101 5050 
55 188 548 1520 3507 6784 10074 9993 4993 
55 186 552 1515 3591 6891 10098 9992 4985 
55 183 558 1535 3620 6942 10179 10041 5019 
55 185 554 1524 3584 6911 10152 10044 5027 
55 188 548 1516 3527 6797 10056 9962 4986 
55 184 556 1535 3597 6897 10105 9971 4983 
55 181 562 1540 3656 7017 10276 10118 5046 
55 184 556 1535 3589 6904 10140 10010 4995 
55 187 550 1505 3578 6898 10138 10057 5045 
55 188 548 1504 3557 6859 10066 9989 5028 
55 184 556 1535 3589 6912 10118 10022 5018 
55 184 556 1531 3595 6921 10181 10087 5027 
55 188 548 1504 3557 6863 10058 9972 5024 
55 180 564 1550 3661 7026 10247 10113 5037 
55 180 564 1549 3657 7026 10304 10166 5076 
55 186 552 1515 3577 6899 10173 10090 5051 
55 184 556 1535 3591 6902 10127 10036 5010 
55 182 560 1538 3633 6981 10228 10123 5055 
55 185 554 1528 3572 6894 10136 10051 5040 
55 185 554 1528 3576 6892 10122 10043 5030 
55 183 558 1532 3616 6968 10229 10126 5047 
55 183 558 1536 3612 6949 10163 10073 5043 
55 181 562 1543 3642 7016 10262 10155 5061 
55 188 548 1524 3507 6758 10023 9962 4985 
55 184 556 1535 3581 6911 10155 10060 5016 
55 189 546 1501 3542 6809 10044 9951 4969 
55 186 552 1512 3597 6905 10123 9985 4979 
55 187 550 1509 3568 6881 10113 10018 5000 
55 182 560 1543 3611 6965 10259 10152 5057 
55 184 556 1535 3579 6911 10180 10085 5033 
55 182 560 1538 3627 6982 10262 10159 5069 
55 184 556 1531 3597 6924 10153 10051 5036 
55 180 564 1550 3657 7024 10277 10160 5063 
55 188 548 1520 3507 6784 10074 9993 4993 
55 183 558 1536 3604 6956 10192 10101 5050 
55 183 558 1532 3614 6967 10229 10133 5062 
55 185 554 1528 3572 6889 10143 10073 5050 
55 185 554 1524 3586 6904 10144 10069 5044 
55 184 556 1531 3599 6917 10143 10059 5042 
55 184 556 1535 3587 6901 10156 10051 5026 
55 184 556 1535 3593 6911 10091 9980 5009 
55 188 548 1520 3523 6776 10002 9929 4983 
55 185 554 1524 3592 6899 10122 10023 5024 
55 192 540 1497 3477 6680 9908 9893 4971 
55 188 548 1512 3543 6814 10016 9958 5007 
55 183 558 1540 3590 6940 10196 10111 5061 
55 182 560 1531 3645 7013 10297 10195 5083 
55 183 558 1532 3620 6967 10198 10099 5043 
55 184 556 1531 3599 6924 10130 10040 5032 
55 184 556 1527 3613 6934 10152 10055 5028 
55 184 556 1535 3583 6915 10132 10039 5034 
55 183 558 1536 3606 6946 10217 10126 5051 
55 182 560 1539 3631 6981 10212 10125 5057 
55 185 554 1524 3586 6907 10147 10069 5040 
55 183 558 1532 3620 6967 10198 10099 5043 
55 188 548 1512 3543 6814 10016 9958 5007 
55 184 556 1539 3575 6895 10115 10028 5005 
55 185 554 1524 3586 6907 10147 10069 5040 
55 188 548 1524 3519 6755 9968 9897 4970 
55 184 556 1531 3599 6924 10130 10040 5032 
55 184 556 1535 3583 6915 10132 10039 5034 
55 188 548 1524 3507 6758 10023 9962 4985 
55 183 558 1540 3590 6940 10196 10111 5061 
55 183 558 1536 3606 6946 10217 10126 5051 
55 185 554 1528 3576 6892 10122 10043 5030 
55 183 558 1540 3596 6936 10175 10082 5037 
55 184 556 1539 3575 6895 10115 10028 5005 
55 182 560 1535 3635 7000 10266 10166 5074 
55 181 562 1551 3616 6985 10256 10157 5060 
55 180 564 1554 3629 7029 10303 10197 5066 
55 188 548 1528 3499 6742 9998 9938 4980 
55 181 562 1551 3620 6981 10244 10150 5065 
55 180 564 1558 3639 7003 10193 10077 5033 
55 181 562 1551 3628 6975 10210 10118 5047 
55 180 564 1562 3635 6994 10127 10015 4989 
55 181 562 1551 3628 6975 10210 10118 5047 
55 188 548 1528 3499 6742 9998 9938 4980 
55 184 556 1543 3565 6875 10107 10024 5029 
55 180 564 1558 3639 7003 10193 10077 5033 
55 181 562 1551 3620 6981 10244 10150 5065 
55 181 562 1551 3616 6985 10256 10157 5060 
55 180 564 1554 3629 7029 10303 10197 5066 
55 183 558 1536 3604 6953 10209 10098 5052 
55 179 566 1551 3672 7070 10357 10229 5086 
55 179 566 1551 3676 7068 10347 10215 5084 
55 180 564 1550 3661 7021 10272 10138 5044 
55 184 556 1535 3593 6912 10084 10001 5019 
55 184 556 1535 3593 6912 10084 10001 5019 
55 180 564 1550 3661 7021 10272 10138 5044 
55 182 560 1538 3633 6981 10228 10123 5055 
55 184 556 1535 3579 6919 10140 10066 5045 
55 179 566 1551 3676 7068 10347 10215 5084 
55 179 566 1551 3672 7070 10357 10229 5086 
55 183 558 1536 3604 6953 10209 10098 5052 
55 187 550 1513 3550 6871 10137 10058 5034 
55 179 566 1559 3652 7043 10318 10187 5058 
55 179 566 1551 3664 7084 10385 10255 5078 
55 181 562 1551 3616 6986 10263 10154 5063 
55 184 556 1535 3585 6906 10156 10057 5025 
55 179 566 1559 3664 7039 10256 10113 5037 
55 177 570 1563 3698 7106 10423 10265 5108 
55 184 556 1535 3593 6908 10090 10001 5027 
55 180 564 1554 3651 7013 10222 10103 5035 
55 178 568 1558 3689 7077 10373 10236 5094 
55 181 562 1551 3620 6982 10251 10133 5052 
55 178 568 1558 3683 7084 10387 10246 5086 
55 188 548 1524 3519 6755 9960 9908 4975 
55 184 556 1543 3565 6882 10102 9989 5005 
55 181 562 1551 3628 6974 10227 10114 5048 
55 180 564 1554 3647 7013 10252 10103 5048 
55 180 564 1554 3651 7011 10224 10102 5036 
55 181 562 1551 3628 6974 10227 10114 5048 
55 181 562 1551 3620 6982 10251 10133 5052 
55 180 564 1550 3651 7034 10292 10161 5062 
55 180 564 1554 3637 7022 10280 10162 5057 
55 184 556 1535 3585 6906 10156 10057 5025 
55 179 566 1555 3674 7047 10296 10155 5059 
55 179 566 1559 3658 7034 10306 10165 5065 
55 180 564 1550 3661 7025 10256 10111 5042 
55 178 568 1558 3689 7077 10373 10236 5094 
55 181 562 1551 3616 6986 10263 10154 5063 
55 184 556 1531 3595 6937 10137 10032 5028 
55 181 562 1543 3650 7007 10255 10143 5066 
55 178 568 1561 3681 7069 10345 10190 5079 
55 184 556 1543 3577 6876 10046 9955 4996 
55 180 564 1550 3661 7025 10256 10111 5042 
55 179 566 1559 3658 7034 10306 10165 5065 
55 177 570 1563 3698 7106 10423 10265 5108 
55 188 548 1516 3535 6794 10007 9939 5004 
55 180 564 1554 3651 7013 10222 10103 5035 
55 188 548 1516 3535 6798 10001 9934 4971 
55 184 556 1543 3577 6876 10046 9955 4996 
55 179 566 1555 3674 7047 10296 10155 5059 
55 179 566 1559 3664 7039 10256 10113 5037 
55 180 564 1550 3651 7034 10292 10161 5062 
55 179 566 1559 3652 7043 10318 10187 5058 
55 184 556 1531 3595 6937 10137 10032 5028 
55 184 556 1535 3581 6911 10155 10060 5016 
55 188 548 1504 3557 6859 10066 9989 5028 
55 181 562 1543 3642 7016 10262 10155 5061 
55 180 564 1549 3657 7026 10304 10166 5076 
55 184 556 1535 3589 6904 10140 10010 4995 
55 183 558 1532 3616 6968 10229 10126 5047 
55 184 556 1531 3595 6921 10181 10087 5027 
55 187 550 1505 3578 6898 10138 10057 5045 
55 183 558 1536 3612 6949 10163 10073 5043 
55 180 564 1550 3661 7026 10247 10113 5037 
55 181 562 1540 3656 7017 10276 10118 5046 
55 184 556 1535 3589 6912 10118 10022 5018 
55 186 552 1515 3577 6899 10173 10090 5051 
55 184 556 1527 3623 6932 10085 10003 5022 
55 184 556 1535 3597 6897 10105 9971 4983 
55 183 558 1528 3644 6971 10153 10065 5049 
55 183 558 1535 3620 6942 10179 10041 5019 
55 184 556 1535 3577 6924 10146 10066 5042 
55 181 562 1551 3618 6995 10217 10109 5049 
55 181 562 1551 3614 6996 10234 10134 5065 
55 184 556 1543 3565 6884 10088 10000 4993 
55 181 562 1543 3634 7019 10311 10204 5074 
55 180 564 1550 3653 7026 10291 10162 5047 
55 182 560 1539 3621 6987 10263 10152 5060 
55 184 556 1535 3579 6914 10175 10083 5028 
55 184 556 1543 3569 6872 10096 9995 4990 
55 180 564 1554 3651 7013 10230 10087 5007 
55 182 560 1538 3627 6992 10238 10124 5054 
55 179 566 1559 3664 7036 10249 10136 5063 
55 176 572 1569 3725 7122 10365 10203 5055 
55 177 570 1562 3706 7106 10392 10250 5085 
55 181 562 1551 3626 6977 10217 10124 5053 
55 180 564 1558 3639 7003 10201 10087 5031 
55 179 566 1554 3668 7055 10334 10219 5100 
55 181 562 1551 3620 6987 10232 10131 5048 
55 183 558 1540 3582 6955 10211 10136 5066 
55 178 568 1561 3685 7068 10310 10182 5079 
55 179 566 1559 3654 7039 10307 10183 5065 
55 180 564 1558 3637 7003 10200 10085 5039 
55 179 566 1559 3654 7045 10291 10168 5060 
55 184 556 1535 3577 6910 10190 10079 5037 
55 189 546 1505 3516 6810 10081 10002 4999 
55 187 550 1505 3574 6907 10139 10054 5039 
55 181 562 1548 3632 6985 10264 10129 5040 
55 181 562 1551 3618 6983 10253 10134 5038 
55 185 554 1524 3586 6908 10152 10036 5001 
55 178 568 1561 3679 7076 10335 10186 5061 
55 177 570 1563 3706 7100 10387 10224 5080 
55 181 562 1547 3640 6993 10223 10085 5023 
55 180 564 1554 3637 7023 10273 10169 5066 
55 181 562 1548 3636 6980 10249 10139 5055 
55 185 554 1532 3564 6875 10112 10036 5021 
55 180 564 1554 3645 7018 10240 10128 5043 
55 182 560 1535 3633 7003 10268 10168 5067 
55 183 558 1540 3594 6938 10178 10093 5046 
55 179 566 1559 3664 7033 10272 10147 5054 
55 181 562 1551 3636 6969 10188 10060 5009 
55 183 558 1540 3598 6929 10189 10075 5010 
55 195 534 1447 3544 6757 9795 9783 4899 
55 183 558 1532 3624 6960 10185 10065 5039 
55 180 564 1550 3653 7029 10280 10139 5058 
55 184 556 1531 3597 6921 10154 10049 5024 
55 181 562 1547 3632 6999 10253 10115 5045 
55 184 556 1535 3577 6924 10146 10066 5042 
55 180 564 1554 3637 7018 10288 10182 5070 
55 177 570 1563 3702 7105 10388 10248 5109 
55 181 562 1551 3620 6993 10210 10107 5060 
55 180 564 1554 3631 7027 10298 10194 5064 
55 179 566 1559 3656 7043 10284 10162 5065 
55 181 562 1551 3620 6993 10210 10107 5060 
55 179 566 1551 3682 7067 10313 10181 5051 
55 182 560 1535 3633 7003 10268 10168 5067 
55 185 554 1532 3564 6875 10112 10036 5021 
55 179 566 1559 3664 7033 10268 10151 5053 
55 179 566 1559 3656 7043 10284 10162 5065 
55 179 566 1559 3664 7033 10268 10151 5053 
55 177 570 1563 3702 7105 10388 10248 5109 
55 187 550 1517 3540 6851 10131 10047 5029 
55 180 564 1554 3631 7027 10298 10194 5064 
55 180 564 1554 3637 7018 10288 10182 5070 
55 182 560 1542 3605 6989 10259 10170 5081 
55 182 560 1546 3607 6950 10238 10097 5037 
55 184 556 1539 3569 6898 10149 10057 5035 
55 184 556 1535 3581 6905 10177 10073 5037 
55 183 558 1536 3604 6952 10204 10121 5062 
55 184 556 1535 3589 6901 10143 10052 5026 
55 185 554 1524 3572 6920 10189 10124 5065 
55 180 564 1554 3645 7009 10277 10143 5046 
55 184 556 1539 3569 6902 10137 10047 5017 
55 179 566 1554 3666 7056 10344 10224 5097 
55 185 554 1520 3590 6932 10177 10103 5053 
55 184 556 1527 3609 6938 10158 10062 5036 
55 183 558 1535 3612 6951 10206 10081 5046 
55 184 556 1518 3621 6986 10253 10180 5104 
55 187 550 1505 3574 6906 10138 10078 5053 
55 185 554 1528 3566 6900 10169 10095 5029 
55 184 556 1531 3597 6929 10130 10034 5038 
55 183 558 1536 3606 6954 10205 10111 5039 
55 184 556 1531 3599 6919 10153 10076 5032 
55 184 556 1519 3617 6989 10239 10157 5077 
55 185 554 1532 3572 6863 10104 10017 4999 
55 183 558 1531 3614 6973 10262 10164 5063 
55 181 562 1547 3630 6997 10270 10150 5042 
55 182 560 1538 3623 6993 10273 10183 5078 
55 184 556 1527 3607 6947 10160 10067 5026 
55 184 556 1535 3597 6896 10110 10001 4994 
55 185 554 1524 3594 6904 10092 10000 5023 
55 182 560 1538 3633 6990 10211 10076 5038 
55 187 550 1505 3574 6906 10138 10078 5053 
55 183 558 1532 3624 6964 10183 10056 5033 
55 185 554 1516 3602 6951 10191 10101 5061 
55 183 558 1536 3612 6944 10186 10086 5037 
55 184 556 1527 3601 6950 10188 10096 5043 
55 182 560 1534 3631 7011 10296 10187 5063 
55 181 562 1543 3634 7019 10311 10204 5074 
55 181 562 1539 3652 7031 10301 10184 5069 
55 179 566 1548 3680 7078 10409 10263 5132 
55 181 562 1539 3652 7031 10301 10184 5069 
55 182 560 1534 3631 7011 10296 10187 5063 
55 182 560 1538 3629 6984 10263 10143 5065 
55 183 558 1532 3624 6964 10183 10056 5033 
55 189 546 1509 3516 6776 10048 9967 4994 
55 183 558 1540 3604 6925 10164 10067 5025 
55 183 558 1540 3600 6930 10171 10063 5021 
55 183 558 1536 3612 6944 10186 10086 5037 
55 184 556 1531 3597 6929 10130 10034 5038 
55 183 558 1540 3600 6929 10176 10093 5043 
55 183 558 1540 3600 6928 10177 10078 5026 
55 185 554 1532 3572 6863 10104 10017 4999 
55 185 554 1532 3568 6865 10118 10033 5013 
55 203 518 1377 3522 6705 9522 9639 4914 
55 183 558 1536 3614 6950 10153 10030 5029 
55 183 558 1540 3598 6936 10162 10040 5029 
55 184 556 1531 3599 6918 10160 10039 5021 
55 183 558 1532 3606 6979 10255 10161 5058 
55 180 564 1550 3657 7024 10279 10156 5060 
55 184 556 1531 3589 6940 10167 10057 5029 
55 183 558 1531 3612 6975 10267 10159 5076 
55 181 562 1551 3630 6979 10199 10060 5017 
55 181 562 1551 3628 6984 10189 10067 5038 
55 184 556 1535 3589 6901 10143 10053 5028 
55 184 556 1543 3569 6866 10120 10014 5002 
55 184 556 1543 3577 6873 10053 9955 4987 
55 181 562 1551 3630 6973 10219 10101 5038 
55 181 562 1547 3640 6993 10223 10085 5023 
55 179 566 1551 3678 7066 10334 10206 5073 
55 185 554 1524 3586 6908 10152 10036 5001 
55 182 560 1538 3633 6981 10228 10128 5063 
55 179 566 1551 3682 7064 10328 10186 5061 
55 180 564 1551 3651 7017 10306 10185 5086 
55 180 564 1554 3641 7012 10288 10171 5057 
55 180 564 1550 3659 7027 10261 10133 5047 
55 177 570 1561 3706 7110 10429 10258 5117 
55 182 560 1538 3633 6980 10231 10132 5061 
55 182 560 1538 3627 6992 10238 10124 5054 
55 180 564 1554 3645 7018 10240 10128 5043 
55 180 564 1554 3649 7009 10249 10124 5044 
55 180 564 1554 3647 7014 10249 10111 5036 
55 181 562 1551 3636 6969 10188 10060 5009 
55 182 560 1538 3633 6980 10231 10132 5061 
55 178 568 1561 3685 7069 10317 10182 5068 
55 184 556 1535 3589 6903 10129 10046 5023 
55 180 564 1554 3649 7009 10247 10130 5045 
55 184 556 1535 3597 6909 10071 9964 5002 
55 184 556 1531 3601 6918 10147 10057 5015 
55 184 556 1539 3585 6889 10066 9997 5005 
55 181 562 1540 3646 7028 10314 10201 5088 
55 179 566 1548 3684 7072 10387 10256 5132 
55 178 568 1558 3689 7083 10345 10210 5079 
55 177 570 1562 3702 7109 10419 10277 5088 
55 182 560 1538 3639 6977 10197 10105 5055 
55 177 570 1561 3710 7108 10401 10240 5112 
55 184 556 1539 3585 6889 10072 9975 5003 
55 181 562 1543 3644 7016 10269 10145 5044 
55 182 560 1539 3623 6992 10243 10141 5058 
55 181 562 1551 3620 6987 10232 10131 5048 
55 180 564 1558 3637 7003 10200 10085 5039 
55 184 556 1531 3597 6921 10154 10049 5024 
55 183 558 1532 3624 6960 10185 10065 5039 
55 182 560 1538 3631 6979 10247 10134 5067 
55 179 566 1555 3672 7048 10302 10170 5064 
55 179 566 1559 3660 7037 10288 10153 5058 
55 185 554 1524 3588 6904 10131 10054 5040 
55 181 562 1551 3630 6975 10209 10099 5033 
55 179 566 1551 3682 7064 10328 10186 5061 
55 184 556 1531 3599 6919 10153 10076 5032 
55 184 556 1527 3607 6947 10160 10067 5026 
55 180 564 1554 3649 7009 10247 10130 5045 
55 178 568 1562 3677 7067 10346 10209 5083 
55 180 564 1554 3647 7014 10249 10111 5036 
55 180 564 1545 3661 7051 10348 10238 5110 
55 178 568 1558 3679 7090 10397 10258 5092 
55 179 566 1555 3668 7055 10313 10176 5059 
55 181 562 1551 3620 6986 10241 10125 5045 
55 178 568 1558 3679 7090 10397 10258 5092 
55 181 562 1540 3646 7028 10314 10201 5088 
55 184 556 1527 3601 6950 10188 10096 5043 
55 181 562 1544 3628 7017 10327 10235 5112 
55 179 566 1559 3652 7045 10312 10187 5060 
55 179 566 1559 3656 7041 10298 10165 5049 
55 180 564 1550 3645 7038 10319 10216 5081 
55 182 560 1543 3615 6965 10239 10120 5049 
55 181 562 1547 3634 7001 10238 10102 5036 
55 180 564 1562 3621 7004 10186 10055 5001 
55 180 564 1550 3645 7038 10319 10216 5081 
55 182 560 1543 3617 6963 10226 10129 5050 
55 182 560 1543 3617 6963 10226 10129 5050 
55 184 556 1535 3589 6903 10129 10046 5023 
55 181 562 1543 3654 7007 10215 10077 5029 
55 178 568 1565 3675 7058 10284 10146 5062 
55 176 572 1566 3725 7131 10424 10271 5117 
55 179 566 1555 3674 7047 10300 10134 5039 
55 178 568 1562 3679 7068 10316 10195 5083 
55 178 568 1562 3679 7068 10316 10193 5081 
55 182 560 1547 3609 6943 10211 10080 5026 
55 182 560 1547 3609 6943 10211 10080 5026 
55 179 566 1555 3674 7047 10300 10134 5039 
55 178 568 1562 3679 7068 10316 10193 5081 
55 176 572 1566 3725 7131 10424 10271 5117 
55 178 568 1562 3679 7068 10316 10195 5083 
55 178 568 1565 3675 7058 10284 10146 5062 
55 182 560 1539 3635 6977 10204 10075 5030 
55 182 560 1543 3615 6965 10239 10120 5049 
55 181 562 1547 3634 7001 10238 10102 5036 
55 180 564 1546 3667 7040 10305 10153 5048 
55 183 558 1536 3616 6937 10183 10064 5033 
55 181 562 1540 3648 7024 10307 10206 5094 
55 181 562 1543 3646 7012 10270 10143 5049 
55 183 558 1536 3604 6952 10204 10121 5062 
55 185 554 1532 3568 6865 10118 10033 5013 
55 184 556 1535 3581 6905 10177 10073 5037 
55 183 558 1540 3600 6928 10177 10078 5026 
55 183 558 1540 3600 6930 10171 10063 5021 
55 183 558 1540 3598 6936 10162 10040 5029 
55 184 556 1531 3599 6918 10160 10039 5021 
55 183 558 1540 3600 6929 10176 10093 5043 
55 183 558 1540 3604 6925 10164 10067 5025 
55 183 558 1536 3614 6950 10153 10030 5029 
55 181 562 1547 3628 6999 10271 10167 5058 
55 181 562 1543 3652 7002 10255 10099 5035 
55 184 556 1539 3577 6898 10103 10003 5016 
55 184 556 1535 3595 6902 10099 9991 5016 
55 184 556 1539 3585 6889 10072 9975 5003 
55 181 562 1547 3632 6994 10270 10140 5051 
55 184 556 1543 3561 6879 10137 10034 5010 
55 182 560 1539 3631 6975 10230 10127 5059 
55 181 562 1540 3650 7025 10293 10174 5069 
55 180 564 1543 3667 7051 10356 10228 5099 
55 181 562 1547 3636 6994 10256 10119 5031 
55 181 562 1555 3610 6973 10206 10101 5038 
55 181 562 1551 3624 6978 10237 10140 5053 
55 181 562 1547 3636 6994 10256 10119 5031 
55 182 560 1550 3613 6918 10162 10030 5005 
55 184 556 1539 3585 6889 10066 9997 5005 
55 179 566 1551 3678 7066 10334 10206 5073 
55 181 562 1551 3624 6978 10237 10140 5053 
55 180 564 1554 3635 7025 10276 10166 5067 
55 181 562 1555 3610 6973 10206 10101 5038 
55 182 560 1539 3631 6975 10230 10127 5059 
55 180 564 1550 3663 7020 10242 10135 5047 
55 180 564 1551 3651 7017 10306 10185 5086 
55 181 562 1547 3632 6999 10253 10115 5045 
55 180 564 1550 3653 7029 10280 10139 5058 
55 183 558 1540 3598 6929 10189 10075 5010 
55 181 562 1548 3632 6985 10264 10129 5040 
55 179 566 1559 3664 7033 10272 10147 5054 
55 177 570 1563 3706 7100 10387 10224 5080 
55 181 562 1548 3636 6980 10249 10139 5055 
55 180 564 1554 3637 7023 10273 10169 5066 
55 178 568 1561 3679 7076 10335 10186 5061 
55 181 562 1551 3618 6983 10253 10134 5038 
55 179 566 1559 3654 7045 10291 10168 5060 
55 179 566 1559 3654 7039 10307 10183 5065 
55 178 568 1561 3685 7068 10310 10182 5079 
55 177 570 1562 3706 7106 10392 10250 5085 
55 179 566 1554 3668 7055 10334 10219 5100 
55 180 564 1558 3639 7003 10201 10087 5031 
55 176 572 1569 3725 7122 10365 10203 5055 
55 180 564 1554 3651 7013 10230 10087 5007 
55 181 562 1551 3626 6977 10217 10124 5053 
55 179 566 1559 3664 7036 10249 10136 5063 
55 184 556 1543 3569 6872 10096 9995 4990 
55 184 556 1543 3565 6884 10088 10000 4993 
55 180 564 1550 3653 7026 10291 10162 5047 
55 181 562 1551 3618 6995 10217 10109 5049 
55 181 562 1551 3614 6996 10234 10134 5065 
55 184 556 1535 3589 6901 10143 10053 5028 
55 179 566 1559 3656 7041 10298 10165 5049 
55 180 564 1545 3661 7051 10348 10238 5110 
55 177 570 1561 3710 7108 10401 10240 5112 
55 177 570 1561 3706 7110 10429 10258 5117 
55 181 562 1551 3630 6973 10219 10101 5038 
55 179 566 1554 3666 7056 10344 10224 5097 
55 179 566 1559 3652 7045 10312 10187 5060 
55 177 570 1562 3702 7109 10419 10277 5088 
55 180 564 1550 3659 7027 10261 10133 5047 
55 181 562 1551 3630 6975 10209 10099 5033 
55 178 568 1561 3685 7069 10317 10182 5068 
55 184 556 1543 3577 6873 10053 9955 4987 
55 178 568 1558 3689 7083 10345 10210 5079 
55 183 558 1531 3614 6973 10262 10164 5063 
55 180 564 1554 3645 7009 10277 10143 5046 
55 182 560 1539 3623 6992 10243 10141 5058 
55 178 568 1562 3677 7067 10346 10209 5083 
55 179 566 1559 3660 7037 10288 10153 5058 
55 184 556 1543 3569 6866 10120 10014 5002 
55 184 556 1535 3597 6896 10110 10001 4994 
55 179 566 1555 3672 7048 10302 10170 5064 
55 180 564 1554 3649 7009 10249 10124 5044 
55 184 556 1535 3589 6901 10143 10052 5026 
55 181 562 1543 3644 7016 10269 10145 5044 
55 181 562 1551 3628 6984 10189 10067 5038 
55 184 556 1539 3569 6898 10149 10057 5035 
55 181 562 1551 3630 6979 10199 10060 5017 
55 182 560 1546 3607 6950 10238 10097 5037 
55 182 560 1538 3633 6990 10211 10076 5038 
55 183 558 1535 3612 6951 10206 10081 5046 
55 182 560 1542 3605 6989 10259 10170 5081 
55 183 558 1531 3640 6949 10151 10003 5003 
55 184 556 1527 3615 6930 10135 10024 5002 
55 181 562 1548 3640 6978 10225 10095 5029 
55 179 566 1555 3672 7047 10299 10170 5053 
55 182 560 1539 3629 6977 10239 10121 5056 
55 184 556 1527 3615 6930 10135 10024 5002 
55 179 566 1555 3672 7047 10299 10170 5053 
55 179 566 1558 3668 7035 10269 10128 5051 
55 181 562 1543 3648 7009 10252 10118 5045 
55 187 550 1517 3572 6821 10011 9882 4935 
55 182 560 1539 3629 6977 10239 10121 5056 
55 181 562 1543 3648 7009 10252 10118 5045 
55 181 562 1543 3664 7002 10165 10037 5023 
55 180 564 1543 3687 7038 10265 10123 5076 
55 185 554 1528 3566 6899 10170 10078 5032 
55 181 562 1547 3632 7000 10246 10133 5044 
55 180 564 1550 3647 7036 10298 10177 5070 
55 182 560 1538 3621 6995 10278 10173 5072 
55 179 566 1554 3674 7050 10322 10167 5054 
55 183 558 1540 3598 6931 10193 10084 5025 
55 177 570 1565 3704 7088 10371 10208 5093 
55 177 570 1566 3702 7090 10343 10193 5059 
55 179 566 1554 3672 7055 10318 10184 5071 
55 182 560 1546 3601 6965 10232 10149 5073 
55 179 566 1559 3658 7036 10290 10164 5056 
55 177 570 1566 3696 7098 10352 10220 5083 
55 184 556 1531 3587 6933 10187 10100 5037 
55 179 566 1558 3662 7037 10304 10168 5065 
55 194 536 1449 3561 6802 9843 9828 4920 
55 181 562 1551 3624 6984 10223 10064 5015 
55 183 558 1540 3596 6936 10187 10073 5027 
55 182 560 1542 3621 6972 10210 10075 5029 
55 182 560 1550 3599 6938 10195 10062 5004 
55 182 560 1546 3607 6952 10230 10103 5021 
55 178 568 1565 3683 7046 10270 10112 5023 
55 176 572 1572 3715 7110 10364 10185 5066 
55 180 564 1558 3641 6991 10210 10100 5032 
55 179 566 1558 3662 7037 10304 10168 5065 
55 180 564 1558 3641 6991 10210 10100 5032 
55 176 572 1572 3715 7110 10364 10185 5066 
55 182 560 1546 3607 6952 10230 10103 5021 
55 182 560 1542 3621 6972 10210 10075 5029 
55 183 558 1540 3596 6936 10187 10073 5027 
55 181 562 1551 3624 6984 10223 10064 5015 
55 184 556 1531 3587 6933 10187 10100 5037 
55 177 570 1566 3696 7098 10352 10220 5083 
55 179 566 1559 3658 7036 10290 10164 5056 
55 179 566 1554 3672 7055 10318 10184 5071 
55 177 570 1566 3702 7090 10343 10193 5059 
55 177 570 1565 3704 7088 10371 10208 5093 
55 179 566 1554 3674 7050 10322 10167 5054 
55 182 560 1538 3621 6995 10278 10173 5072 
55 181 562 1547 3632 7000 10246 10133 5044 
55 180 564 1550 3647 7036 10298 10177 5070 
55 180 564 1543 3665 7055 10359 10234 5110 
55 180 564 1547 3671 7026 10272 10151 5071 
55 180 564 1554 3661 7003 10185 10060 5009 
55 181 562 1547 3638 6996 10225 10088 5037 
55 180 564 1549 3667 7021 10258 10122 5051 
55 179 566 1554 3672 7052 10323 10201 5079 
55 178 568 1562 3683 7062 10320 10176 5061 
55 179 566 1554 3672 7052 10323 10201 5079 
55 178 568 1562 3683 7062 10320 10176 5061 
55 178 568 1561 3679 7076 10335 10201 5070 
55 176 572 1564 3727 7138 10462 10308 5127 
55 179 566 1554 3672 7056 10313 10180 5076 
55 178 568 1561 3689 7067 10295 10160 5067 
55 181 562 1551 3632 6974 10207 10055 5011 
55 179 566 1554 3676 7051 10312 10140 5046 
55 178 568 1561 3689 7067 10297 10155 5061 
55 178 568 1557 3687 7085 10387 10258 5090 
55 182 560 1542 3601 6993 10273 10188 5078 
55 182 560 1546 3611 6949 10217 10096 5037 
55 180 564 1562 3633 6992 10146 10011 5001 
55 181 562 1555 3610 6970 10221 10113 5043 
55 179 566 1559 3648 7043 10338 10239 5104 
55 184 556 1543 3553 6888 10152 10066 5015 
55 179 566 1554 3670 7055 10327 10204 5083 
55 181 562 1551 3630 6971 10227 10087 5032 
55 178 568 1561 3683 7070 10327 10179 5073 
55 179 566 1555 3668 7048 10336 10202 5077 
55 184 556 1543 3557 6888 10136 10048 5011 
55 183 558 1536 3608 6952 10206 10104 5041 
55 183 558 1536 3608 6952 10206 10104 5041 
55 184 556 1543 3557 6888 10136 10048 5011 
55 181 562 1551 3632 6974 10203 10078 5028 
55 180 564 1562 3629 6992 10166 10039 5020 
55 180 564 1558 3641 6999 10194 10059 5036 
55 181 562 1551 3622 6981 10243 10120 5043 
55 178 568 1561 3683 7070 10327 10179 5073 
55 177 570 1565 3692 7096 10425 10274 5133 
55 180 564 1558 3629 7003 10262 10157 5061 
55 180 564 1558 3639 7001 10197 10077 5038 
55 178 568 1561 3683 7072 10325 10185 5080 
55 180 564 1553 3647 7006 10296 10173 5078 
55 181 562 1551 3622 6981 10243 10120 5043 
55 178 568 1561 3675 7078 10351 10227 5086 
55 179 566 1554 3670 7056 10322 10186 5077 
55 179 566 1555 3668 7048 10336 10202 5077 
55 176 572 1570 3709 7124 10426 10263 5116 
55 178 568 1562 3677 7070 10341 10189 5065 
55 181 562 1547 3628 7006 10260 10155 5059 
55 179 566 1559 3656 7038 10307 10189 5075 
55 179 566 1554 3664 7061 10352 10222 5084 
55 178 568 1561 3681 7075 10329 10197 5079 
55 181 562 1551 3628 6977 10222 10103 5038 
55 181 562 1555 3622 6965 10160 10032 5009 
55 182 560 1546 3611 6949 10217 10096 5037 
55 182 560 1546 3605 6955 10228 10119 5042 
55 181 562 1547 3628 7006 10260 10155 5059 
55 179 566 1554 3664 7061 10352 10222 5084 
55 178 568 1562 3675 7074 10340 10199 5079 
55 184 556 1543 3567 6871 10116 10005 4999 
55 180 564 1558 3639 7001 10195 10077 5037 
55 178 568 1561 3675 7078 10351 10227 5086 
55 183 558 1540 3586 6947 10229 10134 5045 
55 187 550 1496 3586 6974 10197 10197 5153 
55 182 560 1538 3629 6988 10255 10150 5065 
55 179 566 1559 3662 7038 10274 10140 5059 
55 180 564 1554 3645 7019 10247 10114 5045 
55 178 568 1561 3681 7075 10329 10197 5079 
55 181 562 1555 3612 6964 10222 10113 5051 
55 181 562 1551 3628 6977 10222 10103 5038 
55 181 562 1555 3622 6965 10160 10032 5009 
55 184 556 1543 3567 6871 10116 10005 4999 
55 179 566 1554 3670 7055 10327 10204 5083 
55 180 564 1558 3639 7001 10195 10077 5037 
55 180 564 1554 3645 7019 10247 10114 5045 
55 178 568 1562 3675 7074 10340 10199 5079 
55 179 566 1559 3662 7038 10274 10140 5059 
55 179 566 1559 3656 7038 10307 10189 5075 
55 182 560 1546 3605 6955 10228 10119 5042 
55 179 566 1554 3670 7056 10322 10186 5077 
55 180 564 1553 3647 7006 10296 10173 5078 
55 180 564 1558 3641 6999 10194 10059 5036 
55 179 566 1554 3676 7051 10312 10140 5046 
55 178 568 1561 3683 7072 10325 10185 5080 
55 180 564 1562 3629 6992 10166 10039 5020 
55 180 564 1562 3633 6992 10146 10011 5001 
55 181 562 1551 3632 6974 10207 10055 5011 
55 180 564 1558 3639 7001 10197 10077 5038 
55 181 562 1555 3610 6970 10221 10113 5043 
55 178 568 1561 3689 7067 10297 10155 5061 
55 179 566 1554 3672 7056 10313 10180 5076 
55 181 562 1551 3632 6974 10203 10078 5028 
55 178 568 1561 3689 7067 10295 10160 5067 
55 176 572 1564 3727 7138 10462 10308 5127 
55 178 568 1561 3679 7076 10335 10201 5070 
55 181 562 1551 3638 6966 10184 10048 5025 
55 178 568 1557 3701 7075 10332 10165 5054 
55 179 566 1559 3662 7038 10270 10141 5051 
55 184 556 1543 3581 6858 10060 9958 4994 
55 181 562 1551 3638 6966 10184 10048 5025 
55 179 566 1559 3662 7038 10270 10141 5051 
55 181 562 1547 3652 6984 10172 10023 5005 
55 180 564 1558 3645 6992 10189 10056 5017 
55 182 560 1543 3633 6952 10159 10028 5014 
55 182 560 1546 3611 6955 10191 10073 5020 
55 180 564 1550 3655 7027 10279 10153 5045 
55 180 564 1554 3657 7001 10219 10077 5031 
55 179 566 1559 3672 7031 10228 10069 5029 
55 182 560 1547 3605 6950 10212 10102 5036 
55 178 568 1562 3681 7068 10313 10167 5059 
55 180 564 1554 3641 7017 10263 10150 5050 
55 183 558 1544 3584 6918 10178 10066 5018 
55 181 562 1551 3628 6978 10209 10099 5035 
55 177 570 1567 3696 7090 10353 10186 5068 
55 179 566 1559 3664 7035 10270 10093 5034 
55 180 564 1551 3657 7007 10303 10139 5074 
55 182 560 1543 3609 6972 10245 10143 5064 
55 181 562 1547 3652 6984 10172 10023 5005 
55 182 560 1538 3637 6984 10213 10051 5020 
55 183 558 1536 3612 6948 10182 10058 5036 
55 179 566 1559 3656 7045 10284 10165 5064 
55 172 580 1581 3799 7239 10582 10379 5128 
55 174 576 1576 3755 7180 10484 10311 5102 
55 180 564 1549 3675 7016 10227 10052 5030 
55 176 572 1564 3739 7132 10410 10207 5076 
55 179 566 1559 3672 7031 10228 10069 5029 
55 177 570 1567 3698 7089 10339 10186 5071 
55 175 574 1570 3742 7161 10459 10290 5091 
55 178 568 1566 3663 7062 10315 10193 5079 
55 174 576 1576 3759 7178 10460 10291 5093 
55 176 572 1573 3713 7110 10344 10183 5052 
55 179 566 1563 3662 7014 10223 10042 5001 
55 176 572 1570 3729 7112 10356 10122 5035 
55 176 572 1572 3713 7111 10370 10210 5086 
55 174 576 1577 3755 7175 10464 10293 5093 
55 177 570 1566 3700 7096 10338 10188 5058 
55 178 568 1562 3681 7068 10313 10167 5059 
55 180 564 1562 3629 6992 10158 10054 5029 
55 180 564 1558 3647 6994 10178 10047 5018 
55 180 564 1550 3655 7031 10281 10133 5038 
55 176 572 1564 3739 7132 10410 10207 5076 
55 177 570 1561 3718 7100 10381 10191 5088 
55 176 572 1570 3711 7123 10418 10258 5102 
55 177 570 1567 3698 7087 10351 10186 5060 
55 176 572 1570 3711 7121 10424 10257 5105 
55 180 564 1554 3651 7008 10243 10099 5017 
55 176 572 1569 3725 7124 10367 10186 5041 
55 175 574 1573 3732 7154 10449 10279 5100 
55 176 572 1568 3717 7130 10432 10254 5086 
55 175 574 1573 3732 7152 10453 10282 5103 
55 181 562 1547 3632 6998 10260 10142 5052 
55 180 564 1558 3641 6994 10213 10092 5026 
55 177 570 1570 3682 7091 10337 10192 5066 
55 181 562 1555 3618 6961 10200 10081 5027 
55 180 564 1558 3637 6998 10233 10091 5028 
55 176 572 1573 3703 7119 10384 10228 5070 
55 177 570 1567 3696 7090 10353 10186 5068 
55 180 564 1550 3667 7026 10220 10087 5050 
55 179 566 1551 3688 7061 10304 10164 5077 
55 181 562 1551 3632 6978 10189 10072 5033 
55 178 568 1562 3689 7063 10280 10117 5054 
55 177 570 1563 3716 7097 10335 10149 5065 
55 178 568 1562 3681 7063 10322 10190 5070 
55 178 568 1557 3691 7087 10351 10219 5083 
55 178 568 1552 3709 7093 10398 10232 5141 
55 179 566 1551 3688 7061 10304 10164 5077 
55 180 564 1549 3659 7023 10308 10165 5061 
55 180 564 1558 3637 7009 10194 10077 5029 
55 177 570 1562 3706 7109 10393 10247 5085 
55 184 556 1543 3563 6872 10137 10032 4998 
55 179 566 1559 3658 7040 10290 10160 5050 
55 177 570 1561 3718 7100 10381 10191 5088 
55 180 564 1554 3657 7001 10219 10077 5031 
55 179 566 1559 3664 7030 10279 10147 5043 
55 176 572 1566 3725 7129 10436 10283 5119 
55 180 564 1558 3645 6992 10189 10056 5017 
55 176 572 1573 3709 7115 10353 10214 5069 
55 175 574 1571 3744 7153 10447 10258 5106 
55 175 574 1574 3736 7150 10412 10232 5063 
55 175 574 1574 3736 7150 10412 10232 5063 
55 175 574 1571 3744 7153 10447 10258 5106 
55 176 572 1573 3709 7115 10353 10214 5069 
55 176 572 1568 3721 7126 10406 10251 5100 
55 176 572 1569 3713 7127 10428 10264 5079 
55 176 572 1573 3709 7115 10363 10199 5060 
55 175 574 1573 3732 7154 10449 10290 5114 
55 180 564 1558 3647 6994 10178 10047 5018 
55 177 570 1565 3698 7093 10393 10249 5115 
55 179 566 1559 3666 7032 10268 10126 5035 
55 180 564 1562 3635 6990 10143 10022 5019 
55 179 566 1559 3666 7032 10268 10126 5035 
55 178 568 1562 3681 7064 10337 10192 5077 
55 177 570 1566 3704 7089 10347 10197 5072 
55 176 572 1568 3715 7129 10446 10280 5106 
55 175 574 1573 3732 7152 10453 10284 5105 
55 175 574 1573 3732 7152 10453 10282 5103 
55 177 570 1567 3696 7086 10365 10203 5070 
55 180 564 1551 3653 7017 10299 10160 5065 
55 173 578 1575 3784 7214 10589 10381 5200 
55 176 572 1570 3707 7126 10433 10277 5117 
55 178 568 1558 3683 7091 10364 10229 5075 
55 180 564 1558 3637 6999 10210 10110 5047 
55 177 570 1566 3700 7096 10338 10188 5058 
55 174 576 1576 3755 7180 10484 10311 5102 
55 176 572 1570 3715 7115 10410 10255 5121 
55 179 566 1562 3642 7032 10310 10196 5086 
55 178 568 1565 3673 7057 10296 10170 5065 
55 176 572 1568 3721 7126 10406 10251 5100 
55 177 570 1567 3696 7090 10349 10191 5072 
55 177 570 1570 3688 7086 10313 10167 5054 
55 180 564 1558 3641 6994 10213 10092 5026 
55 174 576 1575 3751 7187 10534 10336 5144 
55 175 574 1577 3722 7146 10417 10236 5085 
55 175 574 1573 3730 7153 10469 10292 5105 
55 177 570 1561 3712 7107 10397 10235 5105 
55 176 572 1569 3713 7127 10428 10264 5079 
55 177 570 1566 3692 7101 10375 10228 5072 
55 176 572 1573 3705 7119 10377 10220 5064 
55 177 570 1567 3686 7096 10398 10255 5097 
55 179 566 1558 3662 7040 10301 10156 5056 
55 181 562 1551 3628 6978 10209 10099 5035 
55 179 566 1563 3648 7033 10241 10119 5049 
55 175 574 1573 3732 7154 10449 10290 5114 
55 176 572 1573 3709 7115 10363 10199 5060 
55 174 576 1574 3755 7187 10528 10363 5184 
55 177 570 1567 3688 7092 10399 10250 5097 
55 177 570 1567 3688 7092 10399 10250 5097 
55 175 574 1568 3744 7162 10525 10335 5176 
55 177 570 1562 3708 7106 10383 10239 5075 
55 180 564 1562 3621 6996 10202 10099 5031 
55 176 572 1568 3709 7135 10457 10312 5130 
55 178 568 1561 3681 7075 10315 10202 5088 
55 179 566 1558 3662 7040 10301 10156 5056 
55 179 566 1558 3662 7038 10307 10170 5064 
55 179 566 1558 3662 7038 10307 10170 5064 
55 180 564 1550 3655 7031 10281 10133 5038 
55 178 568 1561 3683 7071 10334 10180 5051 
55 182 560 1546 3613 6951 10202 10087 5023 
55 180 564 1554 3645 7012 10268 10146 5043 
55 178 568 1561 3689 7065 10311 10111 5030 
55 179 566 1559 3664 7035 10270 10093 5034 
55 178 568 1557 3689 7093 10376 10208 5053 
55 178 568 1565 3667 7062 10320 10189 5071 
55 180 564 1549 3659 7023 10308 10165 5061 
55 178 568 1565 3673 7057 10296 10157 5054 
55 177 570 1566 3692 7101 10375 10228 5072 
55 177 570 1561 3712 7107 10397 10235 5105 
55 178 568 1565 3667 7062 10320 10189 5071 
55 178 568 1565 3673 7057 10296 10157 5054 
55 177 570 1562 3708 7106 10383 10239 5075 
55 181 562 1555 3620 6956 10190 10083 5041 
55 178 568 1561 3679 7073 10342 10203 5066 
55 182 560 1543 3629 6952 10181 10083 5039 
55 181 562 1548 3630 6992 10264 10144 5059 
55 179 566 1563 3654 7023 10230 10090 5037 
55 179 566 1563 3650 7026 10249 10116 5034 
55 177 570 1562 3706 7109 10393 10247 5085 
55 176 572 1573 3705 7118 10378 10218 5066 
55 174 576 1575 3755 7183 10514 10323 5144 
55 175 574 1573 3728 7159 10462 10303 5107 
55 178 568 1566 3673 7056 10278 10130 5041 
55 179 566 1563 3662 7014 10223 10042 5001 
55 176 572 1573 3709 7112 10360 10204 5059 
55 176 572 1568 3715 7129 10446 10280 5106 
55 179 566 1559 3656 7045 10284 10165 5064 
55 180 564 1554 3645 7012 10268 10146 5043 
55 178 568 1557 3691 7087 10351 10219 5083 
55 179 566 1559 3668 7030 10251 10118 5061 
55 178 568 1562 3689 7063 10280 10117 5054 
55 179 566 1555 3668 7055 10319 10180 5053 
55 181 562 1544 3636 7013 10301 10204 5097 
55 178 568 1562 3679 7072 10324 10181 5066 
55 180 564 1554 3651 7008 10243 10099 5017 
55 176 572 1568 3717 7130 10432 10254 5086 
55 176 572 1570 3711 7123 10418 10258 5102 
55 176 572 1570 3711 7121 10424 10257 5105 
55 177 570 1567 3698 7087 10351 10186 5060 
55 175 574 1573 3732 7152 10453 10284 5105 
55 175 574 1573 3730 7153 10469 10292 5105 
55 178 568 1562 3683 7064 10322 10176 5057 
55 176 572 1573 3705 7118 10378 10218 5066 
55 174 576 1575 3757 7180 10510 10316 5150 
55 175 574 1573 3728 7159 10462 10303 5107 
55 179 566 1559 3658 7040 10290 10160 5050 
55 180 564 1550 3655 7027 10279 10153 5045 
55 182 560 1547 3605 6950 10212 10102 5036 
55 181 562 1547 3632 6998 10260 10142 5052 
55 177 570 1565 3698 7093 10393 10249 5115 
55 178 568 1561 3681 7075 10315 10202 5088 
55 179 566 1559 3664 7030 10279 10147 5043 
55 181 562 1548 3630 6992 10264 10144 5059 
55 179 566 1563 3650 7026 10249 10116 5034 
55 179 566 1563 3654 7023 10230 10090 5037 
55 178 568 1561 3679 7073 10342 10203 5066 
55 184 556 1543 3563 6872 10137 10032 4998 
55 178 568 1562 3673 7076 10335 10220 5090 
55 178 568 1562 3679 7073 10305 10191 5087 
55 177 570 1567 3694 7089 10369 10219 5083 
55 176 572 1569 3709 7132 10421 10301 5118 
55 180 564 1558 3637 7009 10194 10077 5029 
55 176 572 1573 3705 7119 10377 10220 5064 
55 180 564 1558 3637 6998 10233 10091 5028 
55 179 566 1559 3658 7044 10272 10160 5068 
55 177 570 1570 3680 7095 10334 10215 5088 
55 182 560 1543 3611 6973 10251 10135 5042 
55 176 572 1573 3703 7119 10384 10228 5070 
55 177 570 1570 3682 7091 10337 10192 5066 
55 181 562 1555 3618 6961 10200 10081 5027 
55 179 566 1562 3642 7032 10310 10196 5086 
55 177 570 1567 3686 7096 10398 10255 5097 
55 177 570 1566 3696 7099 10363 10198 5063 
55 177 570 1566 3696 7099 10363 10198 5063 
55 177 570 1570 3688 7086 10313 10167 5054 
55 177 570 1567 3696 7090 10349 10191 5072 
55 178 568 1565 3673 7057 10296 10170 5065 
55 178 568 1565 3667 7062 10320 10190 5074 
55 177 570 1566 3698 7096 10351 10203 5062 
55 179 566 1559 3658 7044 10272 10160 5068 
55 178 568 1562 3683 7064 10322 10176 5057 
55 174 576 1574 3767 7179 10484 10279 5127 
55 180 564 1551 3653 7017 10299 10160 5065 
55 178 568 1562 3679 7072 10324 10181 5066 
55 177 570 1567 3696 7092 10351 10183 5060 
55 177 570 1567 3696 7086 10365 10203 5070 
55 175 574 1571 3740 7153 10473 10282 5122 
55 176 572 1570 3707 7126 10433 10277 5117 
55 175 574 1574 3734 7148 10425 10248 5067 
55 176 572 1572 3713 7111 10370 10210 5086 
55 178 568 1561 3697 7062 10268 10119 5035 
55 179 566 1554 3668 7060 10345 10203 5072 
55 177 570 1570 3686 7087 10331 10170 5049 
55 177 570 1570 3688 7086 10315 10164 5057 
55 179 566 1562 3650 7027 10277 10154 5068 
55 180 564 1545 3665 7045 10330 10191 5085 
55 175 574 1574 3730 7152 10439 10265 5080 
55 176 572 1566 3723 7136 10434 10272 5116 
55 178 568 1566 3673 7056 10278 10130 5041 
55 177 570 1567 3698 7089 10339 10186 5071 
55 178 568 1566 3663 7062 10315 10193 5079 
55 177 570 1566 3698 7096 10351 10203 5062 
55 178 568 1565 3667 7062 10320 10190 5074 
55 177 570 1570 3688 7086 10315 10164 5057 
55 176 572 1572 3709 7115 10380 10232 5106 
55 174 576 1576 3757 7181 10466 10291 5101 
55 174 576 1574 3753 7184 10556 10365 5162 
55 176 572 1573 3709 7117 10357 10206 5065 
55 175 574 1575 3726 7147 10441 10277 5133 
55 175 574 1575 3724 7148 10455 10287 5124 
55 176 572 1570 3705 7131 10437 10285 5104 
55 174 576 1580 3739 7177 10470 10296 5084 
55 174 576 1580 3743 7175 10456 10268 5079 
55 175 574 1575 3724 7148 10455 10287 5124 
55 174 576 1580 3741 7178 10462 10278 5080 
55 175 574 1575 3728 7144 10439 10265 5118 
55 175 574 1574 3736 7148 10416 10246 5084 
55 175 574 1574 3736 7148 10416 10246 5084 
55 175 574 1575 3728 7144 10439 10265 5118 
55 176 572 1573 3709 7117 10357 10206 5065 
55 174 576 1580 3739 7177 10470 10296 5084 
55 177 570 1570 3700 7077 10274 10105 5019 
55 174 576 1575 3757 7180 10510 10316 5150 
55 176 572 1572 3705 7122 10399 10229 5082 
55 174 576 1575 3755 7183 10514 10323 5144 
55 174 576 1577 3751 7181 10476 10293 5090 
55 173 578 1580 3772 7207 10531 10325 5125 
55 175 574 1574 3730 7152 10439 10265 5080 
55 172 580 1581 3797 7240 10588 10382 5138 
55 172 580 1583 3791 7238 10572 10372 5134 
55 174 576 1575 3753 7186 10512 10354 5176 
55 176 572 1566 3723 7136 10434 10272 5116 
55 172 580 1581 3797 7240 10588 10382 5138 
55 173 578 1580 3772 7207 10531 10325 5125 
55 177 570 1570 3700 7077 10274 10105 5019 
55 178 568 1562 3679 7073 10305 10191 5087 
55 174 576 1577 3751 7181 10476 10293 5090 
55 174 576 1577 3751 7185 10480 10284 5075 
55 176 572 1570 3711 7125 10420 10252 5094 
55 176 572 1570 3711 7125 10420 10252 5094 
55 175 574 1574 3730 7154 10433 10279 5097 
55 177 570 1570 3686 7087 10331 10170 5049 
55 175 574 1573 3732 7154 10445 10277 5102 
55 175 574 1574 3730 7154 10433 10279 5097 
55 179 566 1555 3668 7055 10319 10180 5053 
55 180 564 1545 3665 7045 10330 10191 5085 
55 176 572 1573 3709 7112 10360 10204 5059 
55 177 570 1567 3696 7092 10351 10183 5060 
55 175 574 1574 3734 7148 10425 10248 5067 
55 176 572 1573 3707 7115 10362 10221 5082 
55 177 570 1574 3680 7077 10269 10100 5027 
55 176 572 1573 3707 7115 10362 10221 5082 
55 177 570 1570 3680 7095 10334 10215 5088 
55 175 574 1578 3722 7141 10393 10221 5066 
55 173 578 1581 3768 7206 10525 10326 5092 
55 176 572 1573 3713 7110 10344 10183 5052 
55 173 578 1581 3770 7205 10511 10327 5097 
55 174 576 1574 3759 7183 10524 10325 5149 
55 173 578 1575 3784 7214 10589 10381 5200 
55 175 574 1578 3722 7141 10393 10221 5066 
55 174 576 1577 3753 7176 10474 10297 5088 
55 174 576 1577 3755 7175 10464 10293 5093 
55 176 572 1570 3719 7119 10386 10190 5059 
55 175 574 1570 3740 7160 10465 10296 5095 
55 176 572 1569 3725 7119 10376 10200 5058 
55 177 570 1565 3706 7087 10363 10201 5099 

