0     506 5060 29348 203412 1791999 13528416 88596552 573933536 0 0 0 0 0 0 0 0 0 0 0 0 0
1     506 4853 29762 213095 1804534 13483267 90019378 586431644 0 0 0 0 0 0 0 0 0 0 0 0 0
2     506 4554 30360 226987 1823279 13453321 91976609 602893020 0 0 0 0 0 0 0 0 0 0 0 0 0
3     506 4439 30590 232162 1831214 13460957 92707181 608711721 0 0 0 0 0 0 0 0 0 0 0 0 0
4     506 4347 30774 235244 1840920 13513236 93358081 613519871 0 0 0 0 0 0 0 0 0 0 0 0 0
5     506 4278 30912 238579 1844577 13515260 93743124 616553663 0 0 0 0 0 0 0 0 0 0 0 0 0
7     506 4140 31188 244007 1856307 13575497 94602243 622846164 0 0 0 0 0 0 0 0 0 0 0 0 0
6     506 4117 31234 243340 1863506 13640633 94933144 624939716 0 0 0 0 0 0 0 0 0 0 0 0 0
8     506 4232 31004 239683 1851845 13563813 94114574 619111516 0 0 0 0 0 0 0 0 0 0 0 0 0
9     506 4163 31142 242144 1858400 13602959 94574137 622418065 0 0 0 0 0 0 0 0 0 0 0 0 0
10     506 4140 31188 244122 1856859 13576371 94589662 622744136 0 0 0 0 0 0 0 0 0 0 0 0 0
11     506 4025 31418 246077 1874592 13716809 95594532 629557035 0 0 0 0 0 0 0 0 0 0 0 0 0
12     506 4071 31326 245962 1865944 13647349 95096467 626176242 0 0 0 0 0 0 0 0 0 0 0 0 0 
13     506 4002 31464 246537 1878157 13743190 95788698 630876246 0 0 0 0 0 0 0 0 0 0 0 0 0 
14     506 4117 31234 243294 1864150 13642312 94934156 624968811 0 0 0 0 0 0 0 0 0 0 0 0 0 
15     506 4278 30912 238579 1844577 13515260 93743124 616553663 0 0 0 0 0 0 0 0 0 0 0 0 0 
16     506 4163 31142 241960 1859688 13612182 94596401 622529523 0 0 0 0 0 0 0 0 0 0 0 0 0 
17     506 4094 31280 244007 1867301 13666002 95096582 626040749 0 0 0 0 0 0 0 0 0 0 0 0 0 
19     506 4048 31372 245962 1871073 13685598 95366119 627947794 0 0 0 0 0 0 0 0 0 0 0 0 0 
18     506 4025 31418 246123 1875328 13721524 95593704 629478950 0 0 0 0 0 0 0 0 0 0 0 0 0 
20     506 3933 31602 247710 1888760 13826565 96392218 634988508 0 0 0 0 0 0 0 0 0 0 0 0 0 
21     506 4140 31188 244007 1856307 13575497 94602243 622846164 0 0 0 0 0 0 0 0 0 0 0 0 0 
22     506 4071 31326 245594 1867370 13657423 95151299 626513169 0 0 0 0 0 0 0 0 0 0 0 0 0 
23     506 4094 31280 244007 1867301 13666002 95096582 626040749 0 0 0 0 0 0 0 0 0 0 0 0 0 
24     506 3956 31556 247687 1883815 13790110 96116632 633209849 0 0 0 0 0 0 0 0 0 0 0 0 0 
25     506 3887 31694 248354 1896350 13884042 96823215 637900676 0 0 0 0 0 0 0 0 0 0 0 0 0 
26     506 3956 31556 246928 1886575 13809591 96240096 633930899 0 0 0 0 0 0 0 0 0 0 0 0 0 
27     506 4117 31234 244145 1862448 13624786 94818972 624208661 0 0 0 0 0 0 0 0 0 0 0 0 0 
28     506 4140 31188 243616 1859711 13596887 94662802 623138471 0 0 0 0 0 0 0 0 0 0 0 0 0 
29     506 4209 31050 240695 1854720 13577383 94241442 620004905 0 0 0 0 0 0 0 0 0 0 0 0 0 
30     506 4554 30360 227286 1824291 13450239 91921547 602642044 0 0 0 0 0 0 0 0 0 0 0 0 0 
31     506 4853 29762 213095 1804534 13483267 90019378 586431644 0 0 0 0 0 0 0 0 0 0 0 0 0 
32     506 4232 31004 241454 1847935 13504105 93958266 618239701 0 0 0 0 0 0 0 0 0 0 0 0 0 
33     506 4094 31280 244421 1866013 13652087 95041543 625734136 0 0 0 0 0 0 0 0 0 0 0 0 0
34     506 4002 31464 246330 1879721 13752850 95834215 631070688 0 0 0 0 0 0 0 0 0 0 0 0 0
35     506 3956 31556 247319 1885149 13798275 96185172 633601746 0 0 0 0 0 0 0 0 0 0 0 0 0
36     506 4071 31326 245318 1868658 13667037 95201301 626777554 0 0 0 0 0 0 0 0 0 0 0 0 0
37     506 3933 31602 247779 1888898 13826036 96388262 634926845 0 0 0 0 0 0 0 0 0 0 0 0 0
38     506 3979 31510 247227 1881492 13768743 95952527 631935764 0 0 0 0 0 0 0 0 0 0 0 0 0
39     506 3933 31602 247710 1888760 13826565 96392218 634988508 0 0 0 0 0 0 0 0 0 0 0 0 0
40     506 3956 31556 247503 1885333 13798252 96171418 633433800 0 0 0 0 0 0 0 0 0 0 0 0 0
41     506 3956 31556 247388 1885425 13800851 96176708 633504249 0 0 0 0 0 0 0 0 0 0 0 0 0
42     506 4278 30912 238901 1846371 13515513 93709153 616316280 0 0 0 0 0 0 0 0 0 0 0 0 0
43     506 3956 31556 247434 1885057 13797079 96171878 633491645 0 0 0 0 0 0 0 0 0 0 0 0 0
44     506 3933 31602 247480 1889910 13831740 96443738 635252962 0 0 0 0 0 0 0 0 0 0 0 0 0
45     506 4071 31326 245617 1868060 13660712 95164133 626511881 0 0 0 0 0 0 0 0 0 0 0 0 0
46     506 4255 30958 240603 1845198 13492697 93786295 617012835 0 0 0 0 0 0 0 0 0 0 0 0 0
47     506 4347 30774 235244 1840920 13513236 93358081 613519871 0 0 0 0 0 0 0 0 0 0 0 0 0
48     506 4163 31142 242144 1858400 13602959 94574137 622418065 0 0 0 0 0 0 0 0 0 0 0 0 0
49     506 4025 31418 246077 1874592 13716809 95594532 629557035 0 0 0 0 0 0 0 0 0 0 0 0 0
50     506 3887 31694 248354 1896350 13884042 96823215 637900676 0 0 0 0 0 0 0 0 0 0 0 0 0
51     506 4117 31234 244145 1862448 13624786 94818972 624208661 0 0 0 0 0 0 0 0 0 0 0 0 0
52     506 3933 31602 247894 1888668 13824518 96373220 634812466 0 0 0 0 0 0 0 0 0 0 0 0 0
53     506 3933 31602 247779 1888668 13825277 96380212 634913643 0 0 0 0 0 0 0 0 0 0 0 0 0
54     506 4071 31326 244973 1869532 13676099 95236767 627032578 0 0 0 0 0 0 0 0 0 0 0 0 0
55     506 4163 31142 241960 1859688 13612182 94596401 622529523 0 0 0 0 0 0 0 0 0 0 0 0 0
56     506 4094 31280 244835 1865185 13641369 95002397 625456940 0 0 0 0 0 0 0 0 0 0 0 0 0
57     506 3956 31556 247388 1885471 13799678 96186276 633543809 0 0 0 0 0 0 0 0 0 0 0 0 0
58     506 4094 31280 244881 1865369 13641346 95000281 625428696 0 0 0 0 0 0 0 0 0 0 0 0 0
59     506 4186 31096 241914 1855341 13570161 94364883 621042297 0 0 0 0 0 0 0 0 0 0 0 0 0
60     506 4140 31188 242926 1862057 13625476 94725822 623437356 0 0 0 0 0 0 0 0 0 0 0 0 0
61     506 4278 30912 237889 1849223 13552842 93801015 616767172 0 0 0 0 0 0 0 0 0 0 0 0 0
62     506 4692 30084 220869 1816149 13461486 91030688 595282642 0 0 0 0 0 0 0 0 0 0 0 0 0
63     506 5060 29348 203412 1791999 13528416 88596552 573933536 0 0 0 0 0 0 0 0 0 0 0 0 0
64     506 4186 31096 241914 1855341 13570161 94364883 621042297 0 0 0 0 0 0 0 0 0 0 0 0 0
65     506 4117 31234 244145 1862448 13624786 94818972 624208661 0 0 0 0 0 0 0 0 0 0 0 0 0
66     506 4025 31418 246169 1875236 13718626 95589794 629455973 0 0 0 0 0 0 0 0 0 0 0 0 0
67     506 4048 31372 245962 1871073 13685598 95366119 627947794 0 0 0 0 0 0 0 0 0 0 0 0 0
68     506 3956 31556 247434 1885057 13797079 96171878 633491645 0 0 0 0 0 0 0 0 0 0 0 0 0
69     506 4025 31418 246077 1874592 13716809 95594532 629557035 0 0 0 0 0 0 0 0 0 0 0 0 0
70     506 3933 31602 247802 1889082 13828957 96383800 634877188 0 0 0 0 0 0 0 0 0 0 0 0 0
71     506 4094 31280 244007 1867301 13666002 95096582 626040749 0 0 0 0 0 0 0 0 0 0 0 0 0
72     506 3956 31556 247733 1885011 13797401 96138344 633177120 0 0 0 0 0 0 0 0 0 0 0 0 0
73     506 4163 31142 241960 1859688 13612182 94596401 622529523 0 0 0 0 0 0 0 0 0 0 0 0 0
74     506 3933 31602 247756 1889036 13828129 96389136 634930387 0 0 0 0 0 0 0 0 0 0 0 0 0
75     506 4094 31280 244007 1867301 13666002 95096582 626040749 0 0 0 0 0 0 0 0 0 0 0 0 0
76     506 4002 31464 246054 1880457 13762004 95856433 631222925 0 0 0 0 0 0 0 0 0 0 0 0 0
77     506 3933 31602 247779 1888668 13825277 96380212 634913643 0 0 0 0 0 0 0 0 0 0 0 0 0
79     506 4140 31188 244007 1856307 13575497 94602243 622846164 0 0 0 0 0 0 0 0 0 0 0 0 0
78     506 3979 31510 246882 1882090 13773734 96001333 632273128 0 0 0 0 0 0 0 0 0 0 0 0 0
80     506 4117 31234 244145 1862448 13624786 94818972 624208661 0 0 0 0 0 0 0 0 0 0 0 0 0
81     506 4048 31372 245962 1871073 13685598 95366119 627947794 0 0 0 0 0 0 0 0 0 0 0 0 0
82     506 4048 31372 245962 1871073 13685598 95366119 627947794 0 0 0 0 0 0 0 0 0 0 0 0 0
83     506 3795 31878 249205 1912680 14003550 97774380 644234140 0 0 0 0 0 0 0 0 0 0 0 0 0
84     506 3956 31556 247319 1885149 13798275 96185172 633601746 0 0 0 0 0 0 0 0 0 0 0 0 0
85     506 4439 30590 232162 1831214 13460957 92707181 608711721 0 0 0 0 0 0 0 0 0 0 0 0 0
86     506 4025 31418 246169 1875236 13718626 95589794 629455973 0 0 0 0 0 0 0 0 0 0 0 0 0
87     506 4048 31372 245962 1871073 13685598 95366119 627947794 0 0 0 0 0 0 0 0 0 0 0 0 0
88     506 3956 31556 246928 1886575 13809591 96240096 633930899 0 0 0 0 0 0 0 0 0 0 0 0 0
89     506 4025 31418 246123 1875328 13721524 95593704 629478950 0 0 0 0 0 0 0 0 0 0 0 0 0
90     506 4025 31418 246123 1875328 13721524 95593704 629478950 0 0 0 0 0 0 0 0 0 0 0 0 0
91     506 4048 31372 245962 1871073 13685598 95366119 627947794 0 0 0 0 0 0 0 0 0 0 0 0 0
92     506 3933 31602 247595 1889496 13830889 96414321 635093549 0 0 0 0 0 0 0 0 0 0 0 0 0
93     506 4140 31188 244122 1858515 13583363 94614226 622778751 0 0 0 0 0 0 0 0 0 0 0 0 0
94     506 4278 30912 239131 1845037 13503438 93706071 616287760 0 0 0 0 0 0 0 0 0 0 0 0 0
95     506 4439 30590 232162 1831214 13460957 92707181 608711721 0 0 0 0 0 0 0 0 0 0 0 0 0
96     506 4370 30728 235658 1837401 13466546 93077757 611701307 0 0 0 0 0 0 0 0 0 0 0 0 0
97     506 4094 31280 243777 1867991 13671154 95122273 626221023 0 0 0 0 0 0 0 0 0 0 0 0 0
98     506 3933 31602 247802 1889082 13828957 96383800 634877188 0 0 0 0 0 0 0 0 0 0 0 0 0
99     506 4025 31418 246169 1875236 13718626 95589794 629455973 0 0 0 0 0 0 0 0 0 0 0 0 0
100     506 4140 31188 243708 1859205 13592724 94653556 623086859 0 0 0 0 0 0 0 0 0 0 0 0 0
101     506 3864 31740 248561 1900513 13914218 97062024 639488734 0 0 0 0 0 0 0 0 0 0 0 0 0
103     506 4071 31326 245594 1867370 13657423 95151299 626513169 0 0 0 0 0 0 0 0 0 0 0 0 0
102     506 3979 31510 246813 1882274 13775183 96002483 632320278 0 0 0 0 0 0 0 0 0 0 0 0 0
104     506 4140 31188 241983 1864771 13652777 94839856 624133451 0 0 0 0 0 0 0 0 0 0 0 0 0
105     506 4140 31188 244398 1857687 13575290 94578898 622550660 0 0 0 0 0 0 0 0 0 0 0 0 0
106     506 3979 31510 246813 1882274 13775183 96002483 632320278 0 0 0 0 0 0 0 0 0 0 0 0 0
107     506 3933 31602 247802 1889082 13828957 96383800 634877188 0 0 0 0 0 0 0 0 0 0 0 0 0
108     506 4048 31372 246376 1870521 13680170 95316600 627539061 0 0 0 0 0 0 0 0 0 0 0 0 0 
110     506 4025 31418 245939 1875650 13723709 95619418 629658143 0 0 0 0 0 0 0 0 0 0 0 0 0 
109     506 3910 31648 248147 1892693 13856166 96596665 636324095 0 0 0 0 0 0 0 0 0 0 0 0 0 
111     506 4117 31234 243340 1863506 13640633 94933144 624939716 0 0 0 0 0 0 0 0 0 0 0 0 0 
112     506 4853 29762 213095 1804534 13483267 90019378 586431644 0 0 0 0 0 0 0 0 0 0 0 0 0 
113     506 4439 30590 232162 1831214 13460957 92707181 608711721 0 0 0 0 0 0 0 0 0 0 0 0 0 
115     506 4048 31372 245962 1871073 13685598 95366119 627947794 0 0 0 0 0 0 0 0 0 0 0 0 0 
114     506 4094 31280 244007 1867301 13666002 95096582 626040749 0 0 0 0 0 0 0 0 0 0 0 0 0 
116     506 4140 31188 243087 1861551 13619657 94713264 623356212 0 0 0 0 0 0 0 0 0 0 0 0 0 
117     506 4140 31188 244122 1858515 13583363 94614226 622778751 0 0 0 0 0 0 0 0 0 0 0 0 0 
119     506 4025 31418 246123 1875328 13721524 95593704 629478950 0 0 0 0 0 0 0 0 0 0 0 0 0 
118     506 3933 31602 247756 1889036 13828129 96389136 634930387 0 0 0 0 0 0 0 0 0 0 0 0 0 
120     506 4554 30360 227286 1824291 13450239 91921547 602642044 0 0 0 0 0 0 0 0 0 0 0 0 0 
121     506 4278 30912 239131 1845037 13503438 93706071 616287760 0 0 0 0 0 0 0 0 0 0 0 0 0 
122     506 4071 31326 245594 1867370 13657423 95151299 626513169 0 0 0 0 0 0 0 0 0 0 0 0 0 
123     506 4025 31418 246169 1875236 13718626 95589794 629455973 0 0 0 0 0 0 0 0 0 0 0 0 0 
124     506 4117 31234 244329 1862080 13613010 94827597 624304870 0 0 0 0 0 0 0 0 0 0 0 0 0 
125     506 4117 31234 243984 1863092 13625844 94861591 624473460 0 0 0 0 0 0 0 0 0 0 0 0 0 
127     506 4554 30360 226987 1823279 13453321 91976609 602893020 0 0 0 0 0 0 0 0 0 0 0 0 0 
126     506 4324 30820 236302 1843335 13520550 93476830 614477315 0 0 0 0 0 0 0 0 0 0 0 0 0 
128     506 4163 31142 241270 1861988 13636401 94658754 622893958 0 0 0 0 0 0 0 0 0 0 0 0 0 
129     506 4140 31188 243087 1861551 13619657 94713264 623356212 0 0 0 0 0 0 0 0 0 0 0 0 0 
131     506 4140 31188 244122 1858515 13583363 94614226 622778751 0 0 0 0 0 0 0 0 0 0 0 0 0 
130     506 4071 31326 245433 1868428 13665565 95179290 626635920 0 0 0 0 0 0 0 0 0 0 0 0 0
132     506 3956 31556 247388 1885425 13800851 96176708 633504249 0 0 0 0 0 0 0 0 0 0 0 0 0
133     506 4071 31326 245617 1868060 13660712 95164133 626511881 0 0 0 0 0 0 0 0 0 0 0 0 0
135     506 4209 31050 240695 1854720 13577383 94241442 620004905 0 0 0 0 0 0 0 0 0 0 0 0 0
134     506 4002 31464 246514 1879077 13748825 95798197 630858007 0 0 0 0 0 0 0 0 0 0 0 0 0
136     506 4094 31280 244835 1865185 13641369 95002397 625456940 0 0 0 0 0 0 0 0 0 0 0 0 0
138     506 4140 31188 242926 1862057 13625476 94725822 623437356 0 0 0 0 0 0 0 0 0 0 0 0 0
137     506 3933 31602 247894 1888668 13824518 96373220 634812466 0 0 0 0 0 0 0 0 0 0 0 0 0
139     506 3933 31602 247779 1888668 13825277 96380212 634913643 0 0 0 0 0 0 0 0 0 0 0 0 0
140     506 4163 31142 242144 1858400 13602959 94574137 622418065 0 0 0 0 0 0 0 0 0 0 0 0 0
142     506 3933 31602 247894 1888668 13824518 96373220 634812466 0 0 0 0 0 0 0 0 0 0 0 0 0
141     506 4002 31464 246537 1878157 13743190 95788698 630876246 0 0 0 0 0 0 0 0 0 0 0 0 0
143     506 4002 31464 246537 1878157 13743190 95788698 630876246 0 0 0 0 0 0 0 0 0 0 0 0 0
144     506 3956 31556 247733 1885011 13797401 96138344 633177120 0 0 0 0 0 0 0 0 0 0 0 0 0
146     506 3956 31556 246928 1886575 13809591 96240096 633930899 0 0 0 0 0 0 0 0 0 0 0 0 0
145     506 3933 31602 247756 1889036 13828129 96389136 634930387 0 0 0 0 0 0 0 0 0 0 0 0 0
147     506 4025 31418 246123 1875328 13721524 95593704 629478950 0 0 0 0 0 0 0 0 0 0 0 0 0
148     506 3956 31556 247503 1885333 13798252 96171418 633433800 0 0 0 0 0 0 0 0 0 0 0 0 0
150     506 4094 31280 244881 1865369 13641346 95000281 625428696 0 0 0 0 0 0 0 0 0 0 0 0 0
149     506 3933 31602 247480 1889910 13831740 96443738 635252962 0 0 0 0 0 0 0 0 0 0 0 0 0
151     506 3887 31694 248354 1896350 13884042 96823215 637900676 0 0 0 0 0 0 0 0 0 0 0 0 0
152     506 4094 31280 244030 1867531 13666140 95093753 626019198 0 0 0 0 0 0 0 0 0 0 0 0 0
153     506 4071 31326 244973 1869532 13676099 95236767 627032578 0 0 0 0 0 0 0 0 0 0 0 0 0
155     506 4163 31142 241960 1859688 13612182 94596401 622529523 0 0 0 0 0 0 0 0 0 0 0 0 0
154     506 3956 31556 247687 1883815 13790110 96116632 633209849 0 0 0 0 0 0 0 0 0 0 0 0 0
156     506 4232 31004 239683 1851845 13563813 94114574 619111516 0 0 0 0 0 0 0 0 0 0 0 0 0
159     506 4163 31142 242144 1858400 13602959 94574137 622418065 0 0 0 0 0 0 0 0 0 0 0 0 0
158     506 4094 31280 244835 1865185 13641369 95002397 625456940 0 0 0 0 0 0 0 0 0 0 0 0 0
157     506 4071 31326 245962 1865944 13647349 95096467 626176242 0 0 0 0 0 0 0 0 0 0 0 0 0
160     506 4025 31418 246192 1874960 13719638 95569761 629364042 0 0 0 0 0 0 0 0 0 0 0 0 0
161     506 4071 31326 245203 1869164 13670855 95212502 626847359 0 0 0 0 0 0 0 0 0 0 0 0 0
162     506 4071 31326 244858 1869578 13681044 95228510 627023746 0 0 0 0 0 0 0 0 0 0 0 0 0
163     506 3933 31602 247595 1889496 13830889 96414321 635093549 0 0 0 0 0 0 0 0 0 0 0 0 0
164     506 3956 31556 247388 1885471 13799678 96186276 633543809 0 0 0 0 0 0 0 0 0 0 0 0 0
165     506 4278 30912 237889 1849223 13552842 93801015 616767172 0 0 0 0 0 0 0 0 0 0 0 0 0
167     506 4140 31188 243616 1859711 13596887 94662802 623138471 0 0 0 0 0 0 0 0 0 0 0 0 0
166     506 4002 31464 246629 1877835 13741235 95767147 630762120 0 0 0 0 0 0 0 0 0 0 0 0 0
168     506 4094 31280 244881 1865369 13641346 95000281 625428696 0 0 0 0 0 0 0 0 0 0 0 0 0
170     506 4692 30084 220869 1816149 13461486 91030688 595282642 0 0 0 0 0 0 0 0 0 0 0 0 0
169     506 4002 31464 246514 1879077 13748825 95798197 630858007 0 0 0 0 0 0 0 0 0 0 0 0 0
171     506 4002 31464 246054 1880457 13762004 95856433 631222925 0 0 0 0 0 0 0 0 0 0 0 0 0
172     506 3887 31694 248354 1896350 13884042 96823215 637900676 0 0 0 0 0 0 0 0 0 0 0 0 0
173     506 4209 31050 240695 1854720 13577383 94241442 620004905 0 0 0 0 0 0 0 0 0 0 0 0 0
174     506 4071 31326 244973 1869532 13676099 95236767 627032578 0 0 0 0 0 0 0 0 0 0 0 0 0
175     506 4071 31326 245962 1865944 13647349 95096467 626176242 0 0 0 0 0 0 0 0 0 0 0 0 0
176     506 4232 31004 239683 1851845 13563813 94114574 619111516 0 0 0 0 0 0 0 0 0 0 0 0 0
177     506 4140 31188 244122 1856859 13576371 94589662 622744136 0 0 0 0 0 0 0 0 0 0 0 0 0
178     506 3956 31556 247687 1883815 13790110 96116632 633209849 0 0 0 0 0 0 0 0 0 0 0 0 0
179     506 3956 31556 246928 1886575 13809591 96240096 633930899 0 0 0 0 0 0 0 0 0 0 0 0 0
180     506 4094 31280 244835 1865185 13641369 95002397 625456940 0 0 0 0 0 0 0 0 0 0 0 0 0
181     506 4140 31188 242926 1862057 13625476 94725822 623437356 0 0 0 0 0 0 0 0 0 0 0 0 0
182     506 4094 31280 244030 1867531 13666140 95093753 626019198 0 0 0 0 0 0 0 0 0 0 0 0 0
183     506 3956 31556 247687 1883815 13790110 96116632 633209849 0 0 0 0 0 0 0 0 0 0 0 0 0
184     506 4094 31280 244030 1867531 13666140 95093753 626019198 0 0 0 0 0 0 0 0 0 0 0 0 0
185     506 4002 31464 246629 1877835 13741235 95767147 630762120 0 0 0 0 0 0 0 0 0 0 0 0 0
186     506 4094 31280 244030 1867531 13666140 95093753 626019198 0 0 0 0 0 0 0 0 0 0 0 0 0
187     506 3956 31556 247733 1885011 13797401 96138344 633177120 0 0 0 0 0 0 0 0 0 0 0 0 0
188     506 3956 31556 247687 1883815 13790110 96116632 633209849 0 0 0 0 0 0 0 0 0 0 0 0 0
189     506 4140 31188 243616 1859711 13596887 94662802 623138471 0 0 0 0 0 0 0 0 0 0 0 0 0
190     506 4094 31280 244030 1867531 13666140 95093753 626019198 0 0 0 0 0 0 0 0 0 0 0 0 0
191     506 4232 31004 239683 1851845 13563813 94114574 619111516 0 0 0 0 0 0 0 0 0 0 0 0 0
192     506 3979 31510 247112 1880940 13767892 95938612 631990941 0 0 0 0 0 0 0 0 0 0 0 0 0
193     506 3956 31556 247319 1885149 13798275 96185172 633601746 0 0 0 0 0 0 0 0 0 0 0 0 0
194     506 4094 31280 243777 1867991 13671154 95122273 626221023 0 0 0 0 0 0 0 0 0 0 0 0 0
195     506 4439 30590 232162 1831214 13460957 92707181 608711721 0 0 0 0 0 0 0 0 0 0 0 0 0
196     506 3979 31510 246882 1882596 13775942 96004806 632278602 0 0 0 0 0 0 0 0 0 0 0 0 0
199     506 4853 29762 213095 1804534 13483267 90019378 586431644 0 0 0 0 0 0 0 0 0 0 0 0 0
197     506 4094 31280 244421 1866013 13652087 95041543 625734136 0 0 0 0 0 0 0 0 0 0 0 0 0
198     506 4370 30728 235658 1837401 13466546 93077757 611701307 0 0 0 0 0 0 0 0 0 0 0 0 0
200     506 3956 31556 247503 1885333 13798252 96171418 633433800 0 0 0 0 0 0 0 0 0 0 0 0 0
201     506 3933 31602 247710 1888760 13826565 96392218 634988508 0 0 0 0 0 0 0 0 0 0 0 0 0
202     506 3933 31602 247480 1889910 13831740 96443738 635252962 0 0 0 0 0 0 0 0 0 0 0 0 0
203     506 4140 31188 244007 1856307 13575497 94602243 622846164 0 0 0 0 0 0 0 0 0 0 0 0 0
204     506 4232 31004 241454 1847935 13504105 93958266 618239701 0 0 0 0 0 0 0 0 0 0 0 0 0
205     506 3933 31602 247779 1888898 13826036 96388262 634926845 0 0 0 0 0 0 0 0 0 0 0 0 0
206     506 4071 31326 245318 1868658 13667037 95201301 626777554 0 0 0 0 0 0 0 0 0 0 0 0 0
207     506 4278 30912 238579 1844577 13515260 93743124 616553663 0 0 0 0 0 0 0 0 0 0 0 0 0
208     506 4186 31096 241914 1855341 13570161 94364883 621042297 0 0 0 0 0 0 0 0 0 0 0 0 0
209     506 4025 31418 246169 1875236 13718626 95589794 629455973 0 0 0 0 0 0 0 0 0 0 0 0 0
210     506 4117 31234 244145 1862448 13624786 94818972 624208661 0 0 0 0 0 0 0 0 0 0 0 0 0
211     506 4048 31372 245962 1871073 13685598 95366119 627947794 0 0 0 0 0 0 0 0 0 0 0 0 0
212     506 3979 31510 247112 1880940 13767892 95938612 631990941 0 0 0 0 0 0 0 0 0 0 0 0 0
213     506 4094 31280 243777 1867991 13671154 95122273 626221023 0 0 0 0 0 0 0 0 0 0 0 0 0
214     506 4186 31096 241914 1855341 13570161 94364883 621042297 0 0 0 0 0 0 0 0 0 0 0 0 0
215     506 4117 31234 244145 1862448 13624786 94818972 624208661 0 0 0 0 0 0 0 0 0 0 0 0 0
216     506 4094 31280 244881 1865369 13641346 95000281 625428696 0 0 0 0 0 0 0 0 0 0 0 0 0
217     506 4071 31326 245594 1867370 13657423 95151299 626513169 0 0 0 0 0 0 0 0 0 0 0 0 0
219     506 4094 31280 244007 1867301 13666002 95096582 626040749 0 0 0 0 0 0 0 0 0 0 0 0 0
218     506 3887 31694 248354 1896350 13884042 96823215 637900676 0 0 0 0 0 0 0 0 0 0 0 0 0
220     506 4025 31418 246192 1874960 13719638 95569761 629364042 0 0 0 0 0 0 0 0 0 0 0 0 0
221     506 3864 31740 248561 1900513 13914218 97062024 639488734 0 0 0 0 0 0 0 0 0 0 0 0 0
222     506 3956 31556 247388 1885471 13799678 96186276 633543809 0 0 0 0 0 0 0 0 0 0 0 0 0
223     506 4025 31418 246077 1874592 13716809 95594532 629557035 0 0 0 0 0 0 0 0 0 0 0 0 0
224     506 4439 30590 231702 1835170 13492168 92709596 608640973 0 0 0 0 0 0 0 0 0 0 0 0 0
225     506 4209 31050 241247 1853156 13556108 94203699 619797123 0 0 0 0 0 0 0 0 0 0 0 0 0
226     506 4140 31188 244398 1857687 13575290 94578898 622550660 0 0 0 0 0 0 0 0 0 0 0 0 0
227     506 4278 30912 239131 1845037 13503438 93706071 616287760 0 0 0 0 0 0 0 0 0 0 0 0 0
228     506 4025 31418 246468 1874178 13713198 95529327 629118057 0 0 0 0 0 0 0 0 0 0 0 0 0
231     506 4554 30360 227286 1824291 13450239 91921547 602642044 0 0 0 0 0 0 0 0 0 0 0 0 0
230     506 4140 31188 241983 1864771 13652777 94839856 624133451 0 0 0 0 0 0 0 0 0 0 0 0 0
229     506 4071 31326 245663 1867370 13656135 95145526 626473425 0 0 0 0 0 0 0 0 0 0 0 0 0
232     506 4278 30912 238901 1846371 13515513 93709153 616316280 0 0 0 0 0 0 0 0 0 0 0 0 0
234     506 4255 30958 240603 1845198 13492697 93786295 617012835 0 0 0 0 0 0 0 0 0 0 0 0 0
233     506 4048 31372 245226 1873649 13709495 95456072 628487972 0 0 0 0 0 0 0 0 0 0 0 0 0
235     506 3979 31510 246882 1882090 13773734 96001333 632273128 0 0 0 0 0 0 0 0 0 0 0 0 0
236     506 4002 31464 246330 1879721 13752850 95834215 631070688 0 0 0 0 0 0 0 0 0 0 0 0 0
238     506 3979 31510 247227 1881492 13768743 95952527 631935764 0 0 0 0 0 0 0 0 0 0 0 0 0
239     506 4117 31234 243294 1864150 13642312 94934156 624968811 0 0 0 0 0 0 0 0 0 0 0 0 0
237     506 3910 31648 248147 1892509 13855039 96592387 636318460 0 0 0 0 0 0 0 0 0 0 0 0 0
240     506 5060 29348 203412 1791999 13528416 88596552 573933536 0 0 0 0 0 0 0 0 0 0 0 0 0
241     506 4554 30360 226987 1823279 13453321 91976609 602893020 0 0 0 0 0 0 0 0 0 0 0 0 0
242     506 4163 31142 241960 1859688 13612182 94596401 622529523 0 0 0 0 0 0 0 0 0 0 0 0 0
243     506 4025 31418 246123 1875328 13721524 95593704 629478950 0 0 0 0 0 0 0 0 0 0 0 0 0
244     506 4163 31142 241270 1861988 13636401 94658754 622893958 0 0 0 0 0 0 0 0 0 0 0 0 0
245     506 4071 31326 245433 1868428 13665565 95179290 626635920 0 0 0 0 0 0 0 0 0 0 0 0 0
246     506 3956 31556 247733 1885011 13797401 96138344 633177120 0 0 0 0 0 0 0 0 0 0 0 0 0
247     506 3956 31556 246928 1886575 13809591 96240096 633930899 0 0 0 0 0 0 0 0 0 0 0 0 0
248     506 4692 30084 220869 1816149 13461486 91030688 595282642 0 0 0 0 0 0 0 0 0 0 0 0 0
249     506 4324 30820 236302 1843335 13520550 93476830 614477315 0 0 0 0 0 0 0 0 0 0 0 0 0
250     506 4071 31326 244973 1869532 13676099 95236767 627032578 0 0 0 0 0 0 0 0 0 0 0 0 0
251     506 3933 31602 247756 1889036 13828129 96389136 634930387 0 0 0 0 0 0 0 0 0 0 0 0 0
252     506 4071 31326 244858 1869578 13681044 95228510 627023746 0 0 0 0 0 0 0 0 0 0 0 0 0
253     506 3979 31510 247181 1881124 13766581 95947030 631971253 0 0 0 0 0 0 0 0 0 0 0 0 0
255     506 4140 31188 244122 1856859 13576371 94589662 622744136 0 0 0 0 0 0 0 0 0 0 0 0 0
254     506 4002 31464 246629 1877835 13741235 95767147 630762120 0 0 0 0 0 0 0 0 0 0 0 0 0
256     506 4278 30912 237889 1849223 13552842 93801015 616767172 0 0 0 0 0 0 0 0 0 0 0 0 0
257     506 4209 31050 240695 1854720 13577383 94241442 620004905 0 0 0 0 0 0 0 0 0 0 0 0 0
259     506 4140 31188 244122 1858515 13583363 94614226 622778751 0 0 0 0 0 0 0 0 0 0 0 0 0
258     506 4117 31234 243984 1863092 13625844 94861591 624473460 0 0 0 0 0 0 0 0 0 0 0 0 0
260     506 4071 31326 245617 1868060 13660712 95164133 626511881 0 0 0 0 0 0 0 0 0 0 0 0 0
261     506 4002 31464 246537 1878157 13743190 95788698 630876246 0 0 0 0 0 0 0 0 0 0 0 0 0
262     506 3910 31648 248147 1892693 13856166 96596665 636324095 0 0 0 0 0 0 0 0 0 0 0 0 0
263     506 3933 31602 247779 1888668 13825277 96380212 634913643 0 0 0 0 0 0 0 0 0 0 0 0 0
264     506 4140 31188 243616 1859711 13596887 94662802 623138471 0 0 0 0 0 0 0 0 0 0 0 0 0
265     506 4071 31326 245962 1865944 13647349 95096467 626176242 0 0 0 0 0 0 0 0 0 0 0 0 0
266     506 3979 31510 247181 1881124 13766581 95947030 631971253 0 0 0 0 0 0 0 0 0 0 0 0 0
267     506 3864 31740 248561 1900513 13914218 97062024 639488734 0 0 0 0 0 0 0 0 0 0 0 0 0
268     506 4209 31050 240695 1854720 13577383 94241442 620004905 0 0 0 0 0 0 0 0 0 0 0 0 0
269     506 4002 31464 246537 1878157 13743190 95788698 630876246 0 0 0 0 0 0 0 0 0 0 0 0 0
270     506 3910 31648 248147 1892509 13855039 96592387 636318460 0 0 0 0 0 0 0 0 0 0 0 0 0
271     506 3933 31602 247779 1888898 13826036 96388262 634926845 0 0 0 0 0 0 0 0 0 0 0 0 0
272     506 3933 31602 247779 1888668 13825277 96380212 634913643 0 0 0 0 0 0 0 0 0 0 0 0 0
273     506 4140 31188 244007 1856307 13575497 94602243 622846164 0 0 0 0 0 0 0 0 0 0 0 0 0
274     506 4140 31188 244122 1858515 13583363 94614226 622778751 0 0 0 0 0 0 0 0 0 0 0 0 0
275     506 4439 30590 232162 1831214 13460957 92707181 608711721 0 0 0 0 0 0 0 0 0 0 0 0 0
276     506 3933 31602 247779 1888898 13826036 96388262 634926845 0 0 0 0 0 0 0 0 0 0 0 0 0
277     506 4278 30912 238579 1844577 13515260 93743124 616553663 0 0 0 0 0 0 0 0 0 0 0 0 0
279     506 4025 31418 246077 1874592 13716809 95594532 629557035 0 0 0 0 0 0 0 0 0 0 0 0 0
278     506 3864 31740 248561 1900513 13914218 97062024 639488734 0 0 0 0 0 0 0 0 0 0 0 0 0
280     506 4140 31188 242926 1862057 13625476 94725822 623437356 0 0 0 0 0 0 0 0 0 0 0 0 0
281     506 3933 31602 247480 1889910 13831740 96443738 635252962 0 0 0 0 0 0 0 0 0 0 0 0 0
282     506 4071 31326 245433 1868428 13665565 95179290 626635920 0 0 0 0 0 0 0 0 0 0 0 0 0
283     506 4094 31280 243777 1867991 13671154 95122273 626221023 0 0 0 0 0 0 0 0 0 0 0 0 0
284     506 4278 30912 237889 1849223 13552842 93801015 616767172 0 0 0 0 0 0 0 0 0 0 0 0 0
285     506 4071 31326 245617 1868060 13660712 95164133 626511881 0 0 0 0 0 0 0 0 0 0 0 0 0
286     506 4071 31326 245663 1867370 13656135 95145526 626473425 0 0 0 0 0 0 0 0 0 0 0 0 0
287     506 4094 31280 244421 1866013 13652087 95041543 625734136 0 0 0 0 0 0 0 0 0 0 0 0 0
288     506 3933 31602 247779 1888898 13826036 96388262 634926845 0 0 0 0 0 0 0 0 0 0 0 0 0
289     506 4071 31326 245617 1868060 13660712 0 0 0 0 0 0 0 0 0 0 0 0 0 0 0 
290     506 3910 31648 248147 1892509 13855039 0 0 0 0 0 0 0 0 0 0 0 0 0 0 0 
291     506 4140 31188 243087 1861551 13619657 0 0 0 0 0 0 0 0 0 0 0 0 0 0 0 
292     506 4278 30912 238579 1844577 13515260 0 0 0 0 0 0 0 0 0 0 0 0 0 0 0 
293     506 4002 31464 246537 1878157 13743190 0 0 0 0 0 0 0 0 0 0 0 0 0 0 0 
294     506 4117 31234 243294 1864150 13642312 0 0 0 0 0 0 0 0 0 0 0 0 0 0 0 
295     506 3933 31602 247894 1888668 13824518 0 0 0 0 0 0 0 0 0 0 0 0 0 0 0 
296     506 3933 31602 247710 1888760 13826565 0 0 0 0 0 0 0 0 0 0 0 0 0 0 0 
297     506 4347 30774 235244 1840920 13513236 0 0 0 0 0 0 0 0 0 0 0 0 0 0 0 
298     506 4048 31372 245226 1873649 13709495 0 0 0 0 0 0 0 0 0 0 0 0 0 0 0 
299     506 4140 31188 243708 1859205 13592724 0 0 0 0 0 0 0 0 0 0 0 0 0 0 0 
300     506 4140 31188 244007 1856307 13575497 0 0 0 0 0 0 0 0 0 0 0 0 0 0 0 
301     506 4278 30912 238579 1844577 13515260 0 0 0 0 0 0 0 0 0 0 0 0 0 0 0 
302     506 3979 31510 246882 1882090 13773734 0 0 0 0 0 0 0 0 0 0 0 0 0 0 0 
303     506 4071 31326 245318 1868658 13667037 0 0 0 0 0 0 0 0 0 0 0 0 0 0 0 
304     506 4002 31464 246537 1878157 13743190 0 0 0 0 0 0 0 0 0 0 0 0 0 0 0 
305     506 4278 30912 238579 1844577 13515260 0 0 0 0 0 0 0 0 0 0 0 0 0 0 0 
306     506 4209 31050 240695 1854720 13577383 0 0 0 0 0 0 0 0 0 0 0 0 0 0 0 
307     506 4853 29762 213095 1804534 13483267 0 0 0 0 0 0 0 0 0 0 0 0 0 0 0 
308     506 4002 31464 246537 1878157 13743190 0 0 0 0 0 0 0 0 0 0 0 0 0 0 0 
309     506 4002 31464 246537 1878157 13743190 0 0 0 0 0 0 0 0 0 0 0 0 0 0 0
310     506 4071 31326 245962 1865944 13647349 0 0 0 0 0 0 0 0 0 0 0 0 0 0 0
311     506 4163 31142 242144 1858400 13602959 0 0 0 0 0 0 0 0 0 0 0 0 0 0 0
312     506 3933 31602 247894 1888668 13824518 0 0 0 0 0 0 0 0 0 0 0 0 0 0 0
313     506 4071 31326 245318 1868658 13667037 0 0 0 0 0 0 0 0 0 0 0 0 0 0 0
314     506 4002 31464 246514 1879077 13748825 0 0 0 0 0 0 0 0 0 0 0 0 0 0 0
315     506 4370 30728 235658 1837401 13466546 0 0 0 0 0 0 0 0 0 0 0 0 0 0 0
316     506 3933 31602 247779 1888668 13825277 0 0 0 0 0 0 0 0 0 0 0 0 0 0 0
317     506 3933 31602 247779 1888898 13826036 0 0 0 0 0 0 0 0 0 0 0 0 0 0 0
318     506 4002 31464 246054 1880457 13762004 0 0 0 0 0 0 0 0 0 0 0 0 0 0 0
319     506 4232 31004 241454 1847935 13504105 0 0 0 0 0 0 0 0 0 0 0 0 0 0 0
320     506 3956 31556 247388 1885471 13799678 0 0 0 0 0 0 0 0 0 0 0 0 0 0 0
321     506 3887 31694 248354 1896350 13884042 0 0 0 0 0 0 0 0 0 0 0 0 0 0 0
322     506 4278 30912 239131 1845037 13503438 0 0 0 0 0 0 0 0 0 0 0 0 0 0 0
323     506 4025 31418 246123 1875328 13721524 0 0 0 0 0 0 0 0 0 0 0 0 0 0 0
324     506 3956 31556 247388 1885425 13800851 0 0 0 0 0 0 0 0 0 0 0 0 0 0 0
325     506 4163 31142 242144 1858400 13602959 0 0 0 0 0 0 0 0 0 0 0 0 0 0 0
326     506 4140 31188 244398 1857687 13575290 0 0 0 0 0 0 0 0 0 0 0 0 0 0 0
327     506 4163 31142 241960 1859688 13612182 0 0 0 0 0 0 0 0 0 0 0 0 0 0 0
328     506 4002 31464 246629 1877835 13741235 0 0 0 0 0 0 0 0 0 0 0 0 0 0 0
329     506 4071 31326 244973 1869532 13676099 0 0 0 0 0 0 0 0 0 0 0 0 0 0 0
330     506 4324 30820 236302 1843335 13520550 0 0 0 0 0 0 0 0 0 0 0 0 0 0 0
331     506 4071 31326 245594 1867370 13657423 0 0 0 0 0 0 0 0 0 0 0 0 0 0 0
332     506 4002 31464 246514 1879077 13748825 0 0 0 0 0 0 0 0 0 0 0 0 0 0 0
333     506 3933 31602 247894 1888668 13824518 0 0 0 0 0 0 0 0 0 0 0 0 0 0 0
334     506 4048 31372 245226 1873649 13709495 0 0 0 0 0 0 0 0 0 0 0 0 0 0 0
335     506 3933 31602 247710 1888760 13826565 0 0 0 0 0 0 0 0 0 0 0 0 0 0 0
336     506 4025 31418 246077 1874592 13716809 0 0 0 0 0 0 0 0 0 0 0 0 0 0 0
337     506 4094 31280 244007 1867301 13666002 0 0 0 0 0 0 0 0 0 0 0 0 0 0 0
338     506 4439 30590 232162 1831214 13460957 0 0 0 0 0 0 0 0 0 0 0 0 0 0 0
339     506 4048 31372 245962 1871073 13685598 0 0 0 0 0 0 0 0 0 0 0 0 0 0 0
340     506 4094 31280 244421 1866013 13652087 0 0 0 0 0 0 0 0 0 0 0 0 0 0 0
341     506 4853 29762 213095 1804534 13483267 0 0 0 0 0 0 0 0 0 0 0 0 0 0 0
342     506 4094 31280 243777 1867991 13671154 0 0 0 0 0 0 0 0 0 0 0 0 0 0 0
343     506 4117 31234 244145 1862448 13624786 0 0 0 0 0 0 0 0 0 0 0 0 0 0 0
344     506 4140 31188 244122 1856859 13576371 0 0 0 0 0 0 0 0 0 0 0 0 0 0 0
345     506 3933 31602 247756 1889036 13828129 0 0 0 0 0 0 0 0 0 0 0 0 0 0 0
346     506 4554 30360 226987 1823279 13453321 0 0 0 0 0 0 0 0 0 0 0 0 0 0 0
347     506 4025 31418 246169 1875236 13718626 0 0 0 0 0 0 0 0 0 0 0 0 0 0 0
348     506 4071 31326 245203 1869164 13670855 0 0 0 0 0 0 0 0 0 0 0 0 0 0 0
349     506 4140 31188 243087 1861551 13619657 0 0 0 0 0 0 0 0 0 0 0 0 0 0 0
350     506 4209 31050 241247 1853156 13556108 0 0 0 0 0 0 0 0 0 0 0 0 0 0 0
351     506 3956 31556 247319 1885149 13798275 0 0 0 0 0 0 0 0 0 0 0 0 0 0 0
352     506 4071 31326 245318 1868658 13667037 0 0 0 0 0 0 0 0 0 0 0 0 0 0 0
353     506 3933 31602 247480 1889910 13831740 0 0 0 0 0 0 0 0 0 0 0 0 0 0 0
354     506 3979 31510 246882 1882090 13773734 0 0 0 0 0 0 0 0 0 0 0 0 0 0 0
355     506 3933 31602 247756 1889036 13828129 0 0 0 0 0 0 0 0 0 0 0 0 0 0 0
356     506 4347 30774 235244 1840920 13513236 0 0 0 0 0 0 0 0 0 0 0 0 0 0 0
357     506 4071 31326 245962 1865944 13647349 0 0 0 0 0 0 0 0 0 0 0 0 0 0 0
358     506 4255 30958 240603 1845198 13492697 0 0 0 0 0 0 0 0 0 0 0 0 0 0 0
359     506 4071 31326 244973 1869532 13676099 0 0 0 0 0 0 0 0 0 0 0 0 0 0 0
360     506 3979 31510 247227 1881492 13768743 0 0 0 0 0 0 0 0 0 0 0 0 0 0 0
361     506 4255 30958 240603 1845198 13492697 0 0 0 0 0 0 0 0 0 0 0 0 0 0 0
362     506 4025 31418 245939 1875650 13723709 0 0 0 0 0 0 0 0 0 0 0 0 0 0 0
363     506 3979 31510 246813 1882274 13775183 0 0 0 0 0 0 0 0 0 0 0 0 0 0 0
364     506 4117 31234 243340 1863506 13640633 0 0 0 0 0 0 0 0 0 0 0 0 0 0 0
365     506 4117 31234 243294 1864150 13642312 0 0 0 0 0 0 0 0 0 0 0 0 0 0 0
366     506 4025 31418 245939 1875650 13723709 0 0 0 0 0 0 0 0 0 0 0 0 0 0 0
367     506 3979 31510 247227 1881492 13768743 0 0 0 0 0 0 0 0 0 0 0 0 0 0 0
368     506 4278 30912 238579 1844577 13515260 0 0 0 0 0 0 0 0 0 0 0 0 0 0 0
369     506 4140 31188 244007 1856307 13575497 0 0 0 0 0 0 0 0 0 0 0 0 0 0 0
370     506 4140 31188 244007 1856307 13575497 0 0 0 0 0 0 0 0 0 0 0 0 0 0 0
371     506 4094 31280 244007 1867301 13666002 0 0 0 0 0 0 0 0 0 0 0 0 0 0 0
372     506 4071 31326 245617 1868060 13660712 0 0 0 0 0 0 0 0 0 0 0 0 0 0 0
373     506 4209 31050 240695 1854720 13577383 0 0 0 0 0 0 0 0 0 0 0 0 0 0 0
374     506 3933 31602 247480 1889910 13831740 0 0 0 0 0 0 0 0 0 0 0 0 0 0 0
375     506 3887 31694 248354 1896350 13884042 0 0 0 0 0 0 0 0 0 0 0 0 0 0 0
376     506 4117 31234 243294 1864150 13642312 0 0 0 0 0 0 0 0 0 0 0 0 0 0 0
377     506 3979 31510 246882 1882090 13773734 0 0 0 0 0 0 0 0 0 0 0 0 0 0 0
378     506 4117 31234 243340 1863506 13640633 0 0 0 0 0 0 0 0 0 0 0 0 0 0 0
379     506 3933 31602 247802 1889082 13828957 0 0 0 0 0 0 0 0 0 0 0 0 0 0 0
380     506 3910 31648 248147 1892693 13856166 0 0 0 0 0 0 0 0 0 0 0 0 0 0 0
381     506 3910 31648 248147 1892509 13855039 0 0 0 0 0 0 0 0 0 0 0 0 0 0 0
382     506 4048 31372 246376 1870521 13680170 0 0 0 0 0 0 0 0 0 0 0 0 0 0 0
383     506 4002 31464 246330 1879721 13752850 0 0 0 0 0 0 0 0 0 0 0 0 0 0 0
384     506 4071 31326 245663 1867370 13656135 0 0 0 0 0 0 0 0 0 0 0 0 0 0 0
385     506 3910 31648 248147 1892509 13855039 0 0 0 0 0 0 0 0 0 0 0 0 0 0 0
386     506 3910 31648 248032 1892923 13857615 0 0 0 0 0 0 0 0 0 0 0 0 0 0 0
387     506 4117 31234 243984 1863092 13625844 0 0 0 0 0 0 0 0 0 0 0 0 0 0 0
388     506 4094 31280 244421 1866013 13652087 0 0 0 0 0 0 0 0 0 0 0 0 0 0 0
389     506 3933 31602 247779 1888898 13826036 0 0 0 0 0 0 0 0 0 0 0 0 0 0 0
390     506 4071 31326 245203 1869164 13670855 0 0 0 0 0 0 0 0 0 0 0 0 0 0 0
391     506 4278 30912 237889 1849223 13552842 0 0 0 0 0 0 0 0 0 0 0 0 0 0 0
392     506 4554 30360 227286 1824291 13450239 0 0 0 0 0 0 0 0 0 0 0 0 0 0 0
393     506 4117 31234 243294 1864150 13642312 0 0 0 0 0 0 0 0 0 0 0 0 0 0 0
394     506 4117 31234 244329 1862080 13613010 0 0 0 0 0 0 0 0 0 0 0 0 0 0 0
395     506 3910 31648 248147 1892693 13856166 0 0 0 0 0 0 0 0 0 0 0 0 0 0 0
396     506 4853 29762 213095 1804534 13483267 0 0 0 0 0 0 0 0 0 0 0 0 0 0 0
397     506 4278 30912 238579 1844577 13515260 0 0 0 0 0 0 0 0 0 0 0 0 0 0 0
398     506 4140 31188 243087 1861551 13619657 0 0 0 0 0 0 0 0 0 0 0 0 0 0 0
399     506 4071 31326 245617 1868060 13660712 0 0 0 0 0 0 0 0 0 0 0 0 0 0 0
400     506 4002 31464 246054 1880457 13762004 0 0 0 0 0 0 0 0 0 0 0 0 0 0 0
401     506 3979 31510 246882 1882090 13773734 0 0 0 0 0 0 0 0 0 0 0 0 0 0 0
402     506 3933 31602 247595 1889496 13830889 0 0 0 0 0 0 0 0 0 0 0 0 0 0 0
403     506 4278 30912 239131 1845037 13503438 0 0 0 0 0 0 0 0 0 0 0 0 0 0 0
404     506 4232 31004 241454 1847935 13504105 0 0 0 0 0 0 0 0 0 0 0 0 0 0 0
405     506 4071 31326 245318 1868658 13667037 0 0 0 0 0 0 0 0 0 0 0 0 0 0 0
406     506 4025 31418 246192 1874960 13719638 0 0 0 0 0 0 0 0 0 0 0 0 0 0 0
407     506 3956 31556 247388 1885471 13799678 0 0 0 0 0 0 0 0 0 0 0 0 0 0 0
408     506 4692 30084 220869 1816149 13461486 0 0 0 0 0 0 0 0 0 0 0 0 0 0 0
409     506 4255 30958 240603 1845198 13492697 0 0 0 0 0 0 0 0 0 0 0 0 0 0 0
410     506 4071 31326 244858 1869578 13681044 0 0 0 0 0 0 0 0 0 0 0 0 0 0 0
411     506 4140 31188 244398 1857687 13575290 0 0 0 0 0 0 0 0 0 0 0 0 0 0 0
412     506 5060 29348 203412 1791999 13528416 0 0 0 0 0 0 0 0 0 0 0 0 0 0 0
413     506 4347 30774 235244 1840920 13513236 0 0 0 0 0 0 0 0 0 0 0 0 0 0 0
414     506 4163 31142 241270 1861988 13636401 0 0 0 0 0 0 0 0 0 0 0 0 0 0 0
415     506 3956 31556 247388 1885425 13800851 0 0 0 0 0 0 0 0 0 0 0 0 0 0 0
416     506 3864 31740 248561 1900513 13914218 0 0 0 0 0 0 0 0 0 0 0 0 0 0 0
417     506 3910 31648 248147 1892693 13856166 0 0 0 0 0 0 0 0 0 0 0 0 0 0 0
418     506 3979 31510 247181 1881124 13766581 0 0 0 0 0 0 0 0 0 0 0 0 0 0 0
419     506 4117 31234 244329 1862080 13613010 0 0 0 0 0 0 0 0 0 0 0 0 0 0 0
420     506 4025 31418 246077 1874592 13716809 0 0 0 0 0 0 0 0 0 0 0 0 0 0 0
421     506 3933 31602 247779 1888668 13825277 0 0 0 0 0 0 0 0 0 0 0 0 0 0 0
422     506 4140 31188 244122 1856859 13576371 0 0 0 0 0 0 0 0 0 0 0 0 0 0 0
423     506 4140 31188 242926 1862057 13625476 0 0 0 0 0 0 0 0 0 0 0 0 0 0 0
424     506 4071 31326 245594 1867370 13657423 0 0 0 0 0 0 0 0 0 0 0 0 0 0 0
425     506 4117 31234 243340 1863506 13640633 0 0 0 0 0 0 0 0 0 0 0 0 0 0 0
426     506 4324 30820 236302 1843335 13520550 0 0 0 0 0 0 0 0 0 0 0 0 0 0 0
427     506 4048 31372 246376 1870521 13680170 0 0 0 0 0 0 0 0 0 0 0 0 0 0 0
428     506 4094 31280 244007 1867301 13666002 0 0 0 0 0 0 0 0 0 0 0 0 0 0 0
429     506 4140 31188 244007 1856307 13575497 0 0 0 0 0 0 0 0 0 0 0 0 0 0 0
430     506 3933 31602 247756 1889036 13828129 0 0 0 0 0 0 0 0 0 0 0 0 0 0 0
431     506 3933 31602 247480 1889910 13831740 0 0 0 0 0 0 0 0 0 0 0 0 0 0 0
432     506 4071 31326 245962 1865944 13647349 0 0 0 0 0 0 0 0 0 0 0 0 0 0 0
433     506 4117 31234 243294 1864150 13642312 0 0 0 0 0 0 0 0 0 0 0 0 0 0 0
434     506 4140 31188 243616 1859711 13596887 0 0 0 0 0 0 0 0 0 0 0 0 0 0 0
435     506 4554 30360 227286 1824291 13450239 0 0 0 0 0 0 0 0 0 0 0 0 0 0 0
436     506 4163 31142 242144 1858400 13602959 0 0 0 0 0 0 0 0 0 0 0 0 0 0 0
437     506 3933 31602 247894 1888668 13824518 0 0 0 0 0 0 0 0 0 0 0 0 0 0 0
438     506 4232 31004 239683 1851845 13563813 0 0 0 0 0 0 0 0 0 0 0 0 0 0 0
439     506 4094 31280 244835 1865185 13641369 0 0 0 0 0 0 0 0 0 0 0 0 0 0 0
440     506 4071 31326 244973 1869532 13676099 0 0 0 0 0 0 0 0 0 0 0 0 0 0 0
441     506 3979 31510 247227 1881492 13768743 0 0 0 0 0 0 0 0 0 0 0 0 0 0 0
442     506 4002 31464 246629 1877835 13741235 0 0 0 0 0 0 0 0 0 0 0 0 0 0 0
443     506 4140 31188 241983 1864771 13652777 0 0 0 0 0 0 0 0 0 0 0 0 0 0 0
444     506 4163 31142 241960 1859688 13612182 0 0 0 0 0 0 0 0 0 0 0 0 0 0 0
445     506 3933 31602 247710 1888760 13826565 0 0 0 0 0 0 0 0 0 0 0 0 0 0 0
446     506 3956 31556 247733 1885011 13797401 0 0 0 0 0 0 0 0 0 0 0 0 0 0 0
447     506 3956 31556 247503 1885333 13798252 0 0 0 0 0 0 0 0 0 0 0 0 0 0 0
448     506 4025 31418 246468 1874178 13713198 0 0 0 0 0 0 0 0 0 0 0 0 0 0 0
449     506 4002 31464 246330 1879721 13752850 0 0 0 0 0 0 0 0 0 0 0 0 0 0 0
450     506 4209 31050 241247 1853156 13556108 0 0 0 0 0 0 0 0 0 0 0 0 0 0 0
451     506 4554 30360 226987 1823279 13453321 0 0 0 0 0 0 0 0 0 0 0 0 0 0 0
452     506 3979 31510 246882 1882596 13775942 0 0 0 0 0 0 0 0 0 0 0 0 0 0 0
453     506 4232 31004 241454 1847935 13504105 0 0 0 0 0 0 0 0 0 0 0 0 0 0 0
454     506 4439 30590 231702 1835170 13492168 0 0 0 0 0 0 0 0 0 0 0 0 0 0 0
455     506 5060 29348 203412 1791999 13528416 0 0 0 0 0 0 0 0 0 0 0 0 0 0 0
456     506 4140 31188 241983 1864771 13652777 0 0 0 0 0 0 0 0 0 0 0 0 0 0 0
457     506 3979 31510 247227 1881492 13768743 0 0 0 0 0 0 0 0 0 0 0 0 0 0 0
458     506 4048 31372 246376 1870521 13680170 0 0 0 0 0 0 0 0 0 0 0 0 0 0 0
459     506 4117 31234 243340 1863506 13640633 0 0 0 0 0 0 0 0 0 0 0 0 0 0 0
460     506 4370 30728 235658 1837401 13466546 0 0 0 0 0 0 0 0 0 0 0 0 0 0 0
461     506 4071 31326 245318 1868658 13667037 0 0 0 0 0 0 0 0 0 0 0 0 0 0 0
462     506 4140 31188 243708 1859205 13592724 0 0 0 0 0 0 0 0 0 0 0 0 0 0 0
463     506 4347 30774 235244 1840920 13513236 0 0 0 0 0 0 0 0 0 0 0 0 0 0 0
464     506 3956 31556 247434 1885057 13797079 0 0 0 0 0 0 0 0 0 0 0 0 0 0 0
465     506 3933 31602 247802 1889082 13828957 0 0 0 0 0 0 0 0 0 0 0 0 0 0 0
466     506 3956 31556 247319 1885149 13798275 0 0 0 0 0 0 0 0 0 0 0 0 0 0 0
467     506 4025 31418 246169 1875236 13718626 0 0 0 0 0 0 0 0 0 0 0 0 0 0 0
468     506 3979 31510 246882 1882596 13775942 0 0 0 0 0 0 0 0 0 0 0 0 0 0 0 
469     506 4370 30728 235658 1837401 13466546 0 0 0 0 0 0 0 0 0 0 0 0 0 0 0 
470     506 3979 31510 247112 1880940 13767892 0 0 0 0 0 0 0 0 0 0 0 0 0 0 0 
471     506 4186 31096 241914 1855341 13570161 0 0 0 0 0 0 0 0 0 0 0 0 0 0 0 
472     506 4278 30912 238901 1846371 13515513 0 0 0 0 0 0 0 0 0 0 0 0 0 0 0 
473     506 3979 31510 246813 1882274 13775183 0 0 0 0 0 0 0 0 0 0 0 0 0 0 0 
474     506 4002 31464 246330 1879721 13752850 0 0 0 0 0 0 0 0 0 0 0 0 0 0 0 
475     506 3933 31602 247802 1889082 13828957 0 0 0 0 0 0 0 0 0 0 0 0 0 0 0 
476     506 4439 30590 231702 1835170 13492168 0 0 0 0 0 0 0 0 0 0 0 0 0 0 0 
477     506 4140 31188 243708 1859205 13592724 0 0 0 0 0 0 0 0 0 0 0 0 0 0 0 
478     506 4025 31418 246468 1874178 13713198 0 0 0 0 0 0 0 0 0 0 0 0 0 0 0 
479     506 3956 31556 247434 1885057 13797079 0 0 0 0 0 0 0 0 0 0 0 0 0 0 0 
480     506 4140 31188 243708 1859205 13592724 0 0 0 0 0 0 0 0 0 0 0 0 0 0 0 
481     506 4048 31372 246376 1870521 13680170 0 0 0 0 0 0 0 0 0 0 0 0 0 0 0 
482     506 4048 31372 245226 1873649 13709495 0 0 0 0 0 0 0 0 0 0 0 0 0 0 0 
483     506 4324 30820 236302 1843335 13520550 0 0 0 0 0 0 0 0 0 0 0 0 0 0 0 
484     506 3956 31556 247434 1885057 13797079 0 0 0 0 0 0 0 0 0 0 0 0 0 0 0 
485     506 4002 31464 246054 1880457 13762004 0 0 0 0 0 0 0 0 0 0 0 0 0 0 0 
486     506 4278 30912 238901 1846371 13515513 0 0 0 0 0 0 0 0 0 0 0 0 0 0 0 
487     506 4692 30084 220869 1816149 13461486 0 0 0 0 0 0 0 0 0 0 0 0 0 0 0 
488     506 3979 31510 246813 1882274 13775183 0 0 0 0 0 0 0 0 0 0 0 0 0 0 0 
489     506 4025 31418 245939 1875650 13723709 0 0 0 0 0 0 0 0 0 0 0 0 0 0 0 
490     506 4025 31418 245939 1875650 13723709 0 0 0 0 0 0 0 0 0 0 0 0 0 0 0 
491     506 4025 31418 245939 1875650 13723709 0 0 0 0 0 0 0 0 0 0 0 0 0 0 0
492     506 3933 31602 247802 1889082 13828957 0 0 0 0 0 0 0 0 0 0 0 0 0 0 0
493     506 3979 31510 246882 1882090 13773734 0 0 0 0 0 0 0 0 0 0 0 0 0 0 0
494     506 3979 31510 246813 1882274 13775183 0 0 0 0 0 0 0 0 0 0 0 0 0 0 0
495     506 4255 30958 240603 1845198 13492697 0 0 0 0 0 0 0 0 0 0 0 0 0 0 0
496     506 4347 30774 235244 1840920 13513236 0 0 0 0 0 0 0 0 0 0 0 0 0 0 0
497     506 4117 31234 243340 1863506 13640633 0 0 0 0 0 0 0 0 0 0 0 0 0 0 0
498     506 3933 31602 247710 1888760 13826565 0 0 0 0 0 0 0 0 0 0 0 0 0 0 0
499     506 4071 31326 245594 1867370 13657423 0 0 0 0 0 0 0 0 0 0 0 0 0 0 0
500     506 3956 31556 247388 1885425 13800851 0 0 0 0 0 0 0 0 0 0 0 0 0 0 0
501     506 4002 31464 246514 1879077 13748825 0 0 0 0 0 0 0 0 0 0 0 0 0 0 0
502     506 3956 31556 247503 1885333 13798252 0 0 0 0 0 0 0 0 0 0 0 0 0 0 0
503     506 4094 31280 244881 1865369 13641346 0 0 0 0 0 0 0 0 0 0 0 0 0 0 0
504     506 4255 30958 240603 1845198 13492697 0 0 0 0 0 0 0 0 0 0 0 0 0 0 0
505     506 4025 31418 245939 1875650 13723709 0 0 0 0 0 0 0 0 0 0 0 0 0 0 0
506     506 3979 31510 247227 1881492 13768743 0 0 0 0 0 0 0 0 0 0 0 0 0 0 0
507     506 3979 31510 246813 1882274 13775183 0 0 0 0 0 0 0 0 0 0 0 0 0 0 0
508     506 4140 31188 244398 1857687 13575290 0 0 0 0 0 0 0 0 0 0 0 0 0 0 0
509     506 4048 31372 245226 1873649 13709495 0 0 0 0 0 0 0 0 0 0 0 0 0 0 0
510     506 4140 31188 241983 1864771 13652777 0 0 0 0 0 0 0 0 0 0 0 0 0 0 0
511     506 4278 30912 238901 1846371 13515513 0 0 0 0 0 0 0 0 0 0 0 0 0 0 0
512     506 4439 30590 231702 1835170 13492168 0 0 0 0 0 0 0 0 0 0 0 0 0 0 0
513     506 4370 30728 235658 1837401 13466546 0 0 0 0 0 0 0 0 0 0 0 0 0 0 0
514     506 4209 31050 241247 1853156 13556108 0 0 0 0 0 0 0 0 0 0 0 0 0 0 0
515     506 4094 31280 243777 1867991 13671154 0 0 0 0 0 0 0 0 0 0 0 0 0 0 0
516     506 4140 31188 243708 1859205 13592724 0 0 0 0 0 0 0 0 0 0 0 0 0 0 0
517     506 4071 31326 245318 1868658 13667037 0 0 0 0 0 0 0 0 0 0 0 0 0 0 0
518     506 4048 31372 246376 1870521 13680170 0 0 0 0 0 0 0 0 0 0 0 0 0 0 0
519     506 3933 31602 247480 1889910 13831740 0 0 0 0 0 0 0 0 0 0 0 0 0 0 0
520     506 4025 31418 246192 1874960 13719638 0 0 0 0 0 0 0 0 0 0 0 0 0 0 0
521     506 4232 31004 241454 1847935 13504105 0 0 0 0 0 0 0 0 0 0 0 0 0 0 0
522     506 4071 31326 245203 1869164 13670855 0 0 0 0 0 0 0 0 0 0 0 0 0 0 0
523     506 4094 31280 244421 1866013 13652087 0 0 0 0 0 0 0 0 0 0 0 0 0 0 0
524     506 3864 31740 248561 1900513 13914218 0 0 0 0 0 0 0 0 0 0 0 0 0 0 0
525     506 3933 31602 247779 1888898 13826036 0 0 0 0 0 0 0 0 0 0 0 0 0 0 0
526     506 3910 31648 248147 1892693 13856166 0 0 0 0 0 0 0 0 0 0 0 0 0 0 0
527     506 4071 31326 245617 1868060 13660712 0 0 0 0 0 0 0 0 0 0 0 0 0 0 0
528     506 4140 31188 244398 1857687 13575290 0 0 0 0 0 0 0 0 0 0 0 0 0 0 0
529     506 3933 31602 247802 1889082 13828957 0 0 0 0 0 0 0 0 0 0 0 0 0 0 0
530     506 4278 30912 239131 1845037 13503438 0 0 0 0 0 0 0 0 0 0 0 0 0 0 0
531     506 4025 31418 246169 1875236 13718626 0 0 0 0 0 0 0 0 0 0 0 0 0 0 0
532     506 4048 31372 245226 1873649 13709495 0 0 0 0 0 0 0 0 0 0 0 0 0 0 0
533     506 3979 31510 246882 1882090 13773734 0 0 0 0 0 0 0 0 0 0 0 0 0 0 0
534     506 4324 30820 236302 1843335 13520550 0 0 0 0 0 0 0 0 0 0 0 0 0 0 0
535     506 3933 31602 247756 1889036 13828129 0 0 0 0 0 0 0 0 0 0 0 0 0 0 0
536     506 4071 31326 244858 1869578 13681044 0 0 0 0 0 0 0 0 0 0 0 0 0 0 0
537     506 4002 31464 246330 1879721 13752850 0 0 0 0 0 0 0 0 0 0 0 0 0 0 0
538     506 3933 31602 247595 1889496 13830889 0 0 0 0 0 0 0 0 0 0 0 0 0 0 0
539     506 3956 31556 247319 1885149 13798275 0 0 0 0 0 0 0 0 0 0 0 0 0 0 0
540     506 3979 31510 247181 1881124 13766581 0 0 0 0 0 0 0 0 0 0 0 0 0 0 0
541     506 3910 31648 248147 1892509 13855039 0 0 0 0 0 0 0 0 0 0 0 0 0 0 0
542     506 4117 31234 244329 1862080 13613010 0 0 0 0 0 0 0 0 0 0 0 0 0 0 0
543     506 4140 31188 243087 1861551 13619657 0 0 0 0 0 0 0 0 0 0 0 0 0 0 0
544     506 3979 31510 246882 1882596 13775942 0 0 0 0 0 0 0 0 0 0 0 0 0 0 0
545     506 3979 31510 246882 1882596 13775942 0 0 0 0 0 0 0 0 0 0 0 0 0 0 0
546     506 4025 31418 246468 1874178 13713198 0 0 0 0 0 0 0 0 0 0 0 0 0 0 0
547     506 3979 31510 247112 1880940 13767892 0 0 0 0 0 0 0 0 0 0 0 0 0 0 0
548     506 4370 30728 235658 1837401 13466546 0 0 0 0 0 0 0 0 0 0 0 0 0 0 0
549     506 4232 31004 241454 1847935 13504105 0 0 0 0 0 0 0 0 0 0 0 0 0 0 0
550     506 4140 31188 241983 1864771 13652777 0 0 0 0 0 0 0 0 0 0 0 0 0 0 0
551     506 3956 31556 247503 1885333 13798252 0 0 0 0 0 0 0 0 0 0 0 0 0 0 0
552     506 3979 31510 247112 1880940 13767892 0 0 0 0 0 0 0 0 0 0 0 0 0 0 0
553     506 3979 31510 246882 1882596 13775942 0 0 0 0 0 0 0 0 0 0 0 0 0 0 0
554     506 4439 30590 231702 1835170 13492168 0 0 0 0 0 0 0 0 0 0 0 0 0 0 0
555     506 3979 31510 246882 1882596 13775942 0 0 0 0 0 0 0 0 0 0 0 0 0 0 0
556     506 4094 31280 243777 1867991 13671154 0 0 0 0 0 0 0 0 0 0 0 0 0 0 0
557     506 4094 31280 244421 1866013 13652087 0 0 0 0 0 0 0 0 0 0 0 0 0 0 0
558     506 4140 31188 244398 1857687 13575290 0 0 0 0 0 0 0 0 0 0 0 0 0 0 0
559     506 3956 31556 247388 1885425 13800851 0 0 0 0 0 0 0 0 0 0 0 0 0 0 0
560     506 3956 31556 247388 1885425 13800851 0 0 0 0 0 0 0 0 0 0 0 0 0 0 0
561     506 3956 31556 247434 1885057 13797079 0 0 0 0 0 0 0 0 0 0 0 0 0 0 0
562     506 3956 31556 247388 1885471 13799678 0 0 0 0 0 0 0 0 0 0 0 0 0 0 0
563     506 4186 31096 241914 1855341 13570161 0 0 0 0 0 0 0 0 0 0 0 0 0 0 0
564     506 4002 31464 246514 1879077 13748825 0 0 0 0 0 0 0 0 0 0 0 0 0 0 0
565     506 4002 31464 246054 1880457 13762004 0 0 0 0 0 0 0 0 0 0 0 0 0 0 0
566     506 4002 31464 246629 1877835 13741235 0 0 0 0 0 0 0 0 0 0 0 0 0 0 0
567     506 3956 31556 247733 1885011 13797401 0 0 0 0 0 0 0 0 0 0 0 0 0 0 0
568     506 4163 31142 241270 1861988 13636401 0 0 0 0 0 0 0 0 0 0 0 0 0 0 0
569     506 4025 31418 246468 1874178 13713198 0 0 0 0 0 0 0 0 0 0 0 0 0 0 0
570     506 4025 31418 246192 1874960 13719638 0 0 0 0 0 0 0 0 0 0 0 0 0 0 0
571     506 3979 31510 247112 1880940 13767892 0 0 0 0 0 0 0 0 0 0 0 0 0 0 0
572     506 4071 31326 245433 1868428 13665565 0 0 0 0 0 0 0 0 0 0 0 0 0 0 0
573     506 4071 31326 245663 1867370 13656135 0 0 0 0 0 0 0 0 0 0 0 0 0 0 0 
574     506 4071 31326 244858 1869578 13681044 0 0 0 0 0 0 0 0 0 0 0 0 0 0 0 
575     506 4163 31142 241270 1861988 13636401 0 0 0 0 0 0 0 0 0 0 0 0 0 0 0 
576     506 3979 31510 247112 1880940 13767892 0 0 0 0 0 0 0 0 0 0 0 0 0 0 0 
577     506 4186 31096 241914 1855341 13570161 0 0 0 0 0 0 0 0 0 0 0 0 0 0 0 
578     506 3956 31556 247319 1885149 13798275 0 0 0 0 0 0 0 0 0 0 0 0 0 0 0 
579     506 4117 31234 244145 1862448 13624786 0 0 0 0 0 0 0 0 0 0 0 0 0 0 0 
580     506 4025 31418 246468 1874178 13713198 0 0 0 0 0 0 0 0 0 0 0 0 0 0 0