512

385 3465 18018 111804 873378 5783778 32968320 0 0 0 0 0 0 0 0 0 0 0 0 
385 3297 18354 118293 881190 5768952 33651156 0 0 0 0 0 0 0 0 0 0 0 0 
385 3066 18816 126987 892887 5774391 34541661 0 0 0 0 0 0 0 0 0 0 0 0 
385 2982 18984 129990 897759 5787663 34857375 0 0 0 0 0 0 0 0 0 0 0 0 
385 2919 19110 131628 903450 5819835 35120547 0 0 0 0 0 0 0 0 0 0 0 0 
385 2877 19194 133266 905256 5823531 35259630 0 0 0 0 0 0 0 0 0 0 0 0 
385 2772 19404 135513 916071 5891928 35745780 0 0 0 0 0 0 0 0 0 0 0 0 
385 2814 19320 135345 909225 5845266 35480193 0 0 0 0 0 0 0 0 0 0 0 0 
385 2835 19278 133854 910800 5860344 35474061 0 0 0 0 0 0 0 0 0 0 0 0 
385 2793 19362 135009 914118 5879874 35646786 0 0 0 0 0 0 0 0 0 0 0 0 
385 2814 19320 135345 909225 5845266 35480193 0 0 0 0 0 0 0 0 0 0 0 0 
385 2730 19488 136458 920523 5921349 35925855 0 0 0 0 0 0 0 0 0 0 0 0 
385 2793 19362 135702 912732 5866665 35582946 0 0 0 0 0 0 0 0 0 0 0 0 
385 2751 19446 136080 918570 5907699 35823963 0 0 0 0 0 0 0 0 0 0 0 0 
385 2898 19152 132279 905445 5828214 35198163 0 0 0 0 0 0 0 0 0 0 0 0 
385 3066 18816 126987 892887 5774391 34541661 0 0 0 0 0 0 0 0 0 0 0 0 
385 2835 19278 134344 910212 5849844 35444647 0 0 0 0 0 0 0 0 0 0 0 0 
385 2793 19362 135499 913656 5873574 35605822 0 0 0 0 0 0 0 0 0 0 0 0 
385 2709 19530 136738 923190 5939010 36037918 0 0 0 0 0 0 0 0 0 0 0 0 
385 2751 19446 136087 918318 5905326 35823739 0 0 0 0 0 0 0 0 0 0 0 0 
385 2667 19614 137256 928818 5976390 36270927 0 0 0 0 0 0 0 0 0 0 0 0 
385 2877 19194 133476 906054 5823132 35239554 0 0 0 0 0 0 0 0 0 0 0 0 
385 2793 19362 135492 913446 5871999 35602602 0 0 0 0 0 0 0 0 0 0 0 0 
385 2835 19278 133854 910800 5860344 35474061 0 0 0 0 0 0 0 0 0 0 0 0 
385 2709 19530 136738 923400 5940039 36037876 0 0 0 0 0 0 0 0 0 0 0 0 
385 2667 19614 137263 928692 5975655 36269149 0 0 0 0 0 0 0 0 0 0 0 0 
385 2709 19530 136528 923988 5943609 36060892 0 0 0 0 0 0 0 0 0 0 0 0 
385 2877 19194 133903 904668 5809104 35214886 0 0 0 0 0 0 0 0 0 0 0 0 
385 2793 19362 135282 914286 5877669 35624190 0 0 0 0 0 0 0 0 0 0 0 0 
385 2877 19194 132846 907944 5840373 35291088 0 0 0 0 0 0 0 0 0 0 0 0 
385 3171 18606 123270 888498 5767692 34109439 0 0 0 0 0 0 0 0 0 0 0 0 
385 3465 18018 111804 873378 5783778 32968320 0 0 0 0 0 0 0 0 0 0 0 0 
385 2877 19194 133903 904668 5809104 35214886 0 0 0 0 0 0 0 0 0 0 0 0 
385 2772 19404 135730 916407 5891991 35722918 0 0 0 0 0 0 0 0 0 0 0 0 
385 2730 19488 136458 920523 5921349 35925855 0 0 0 0 0 0 0 0 0 0 0 0 
385 2709 19530 136689 923904 5941404 36056601 0 0 0 0 0 0 0 0 0 0 0 0 
385 2772 19404 135793 915861 5889555 35707651 0 0 0 0 0 0 0 0 0 0 0 0 
385 2667 19614 137053 929406 5978952 36298171 0 0 0 0 0 0 0 0 0 0 0 0 
385 2751 19446 135954 919158 5911185 35836647 0 0 0 0 0 0 0 0 0 0 0 0 
385 2730 19488 136458 920523 5921349 35925855 0 0 0 0 0 0 0 0 0 0 0 0 
385 2751 19446 136087 918318 5905326 35823739 0 0 0 0 0 0 0 0 0 0 0 0 
385 2772 19404 135730 916407 5891991 35722918 0 0 0 0 0 0 0 0 0 0 0 0 
385 2982 18984 129990 897759 5787663 34857375 0 0 0 0 0 0 0 0 0 0 0 0 
385 2709 19530 136689 923904 5941404 36056601 0 0 0 0 0 0 0 0 0 0 0 0 
385 2646 19656 137347 931947 5995689 36411382 0 0 0 0 0 0 0 0 0 0 0 0 
385 2793 19362 135709 913152 5867652 35591038 0 0 0 0 0 0 0 0 0 0 0 0 
385 2877 19194 133560 905676 5819961 35243838 0 0 0 0 0 0 0 0 0 0 0 0 
385 2982 18984 129990 897759 5787663 34857375 0 0 0 0 0 0 0 0 0 0 0 0 
385 3045 18858 128051 893874 5770086 34594280 0 0 0 0 0 0 0 0 0 0 0 0 
385 2814 19320 134372 912837 5872419 35575043 0 0 0 0 0 0 0 0 0 0 0 0 
385 2667 19614 137053 929406 5978952 36298171 0 0 0 0 0 0 0 0 0 0 0 0 
385 2772 19404 135730 916407 5891991 35722918 0 0 0 0 0 0 0 0 0 0 0 0 
385 2814 19320 134995 911661 5857383 35521822 0 0 0 0 0 0 0 0 0 0 0 0 
385 2709 19530 136885 922812 5937246 36017716 0 0 0 0 0 0 0 0 0 0 0 0 
385 2814 19320 135135 911157 5854989 35504532 0 0 0 0 0 0 0 0 0 0 0 0 
385 2793 19362 135009 914118 5879874 35646786 0 0 0 0 0 0 0 0 0 0 0 0 
385 3045 18858 128051 893874 5770128 34594112 0 0 0 0 0 0 0 0 0 0 0 0 
385 2814 19320 134372 912837 5872419 35575043 0 0 0 0 0 0 0 0 0 0 0 0 
385 2793 19362 135709 913152 5867652 35591038 0 0 0 0 0 0 0 0 0 0 0 0 
385 2772 19404 135730 916407 5891991 35722918 0 0 0 0 0 0 0 0 0 0 0 0 
385 2814 19320 135205 910947 5853330 35496496 0 0 0 0 0 0 0 0 0 0 0 0 
385 2835 19278 134281 910464 5853393 35440909 0 0 0 0 0 0 0 0 0 0 0 0 
385 3066 18816 127197 893517 5772417 34510770 0 0 0 0 0 0 0 0 0 0 0 0 
385 3297 18354 118293 881190 5768952 33651156 0 0 0 0 0 0 0 0 0 0 0 0 
385 2814 19320 134428 913215 5873994 35557144 0 0 0 0 0 0 0 0 0 0 0 0 
385 2772 19404 135513 916743 5896443 35732949 0 0 0 0 0 0 0 0 0 0 0 0 
385 2835 19278 135121 908070 5831490 35374297 0 0 0 0 0 0 0 0 0 0 0 0 
385 2877 19194 133560 905676 5819961 35243838 0 0 0 0 0 0 0 0 0 0 0 0 
385 2709 19530 136738 923400 5940039 36037876 0 0 0 0 0 0 0 0 0 0 0 0 
385 2793 19362 135282 914286 5877669 35624190 0 0 0 0 0 0 0 0 0 0 0 0 
385 2730 19488 136381 921237 5924520 35938231 0 0 0 0 0 0 0 0 0 0 0 0 
385 2898 19152 132279 905445 5828214 35198163 0 0 0 0 0 0 0 0 0 0 0 0 
385 2688 19572 137032 926319 5959485 36154573 0 0 0 0 0 0 0 0 0 0 0 0 
385 2772 19404 135723 916155 5890899 35717745 0 0 0 0 0 0 0 0 0 0 0 0 
385 2709 19530 136465 924324 5945562 36070636 0 0 0 0 0 0 0 0 0 0 0 0 
385 2751 19446 135954 919158 5911185 35836647 0 0 0 0 0 0 0 0 0 0 0 0 
385 2835 19278 134344 910212 5849844 35444647 0 0 0 0 0 0 0 0 0 0 0 0 
385 2667 19614 137256 928818 5976390 36270927 0 0 0 0 0 0 0 0 0 0 0 0 
385 2730 19488 136591 920439 5920089 35912905 0 0 0 0 0 0 0 0 0 0 0 0 
385 2772 19404 135513 916071 5891928 35745780 0 0 0 0 0 0 0 0 0 0 0 0 
385 2814 19320 134918 912039 5862822 35521094 0 0 0 0 0 0 0 0 0 0 0 0 
385 2772 19404 135793 915693 5887980 35708911 0 0 0 0 0 0 0 0 0 0 0 0 
385 2856 19236 133490 909267 5849025 35364833 0 0 0 0 0 0 0 0 0 0 0 0 
385 2646 19656 137347 931947 5995689 36411382 0 0 0 0 0 0 0 0 0 0 0 0 
385 2709 19530 136528 923988 5943609 36060892 0 0 0 0 0 0 0 0 0 0 0 0 
385 3171 18606 123270 888498 5767692 34109439 0 0 0 0 0 0 0 0 0 0 0 0 
385 2751 19446 136150 918234 5905095 35814331 0 0 0 0 0 0 0 0 0 0 0 0 
385 2793 19362 135702 912732 5866665 35582946 0 0 0 0 0 0 0 0 0 0 0 0 
385 2814 19320 134918 912039 5862780 35521262 0 0 0 0 0 0 0 0 0 0 0 0 
385 2772 19404 135583 916407 5891865 35734657 0 0 0 0 0 0 0 0 0 0 0 0 
385 2856 19236 133490 909267 5848983 35365001 0 0 0 0 0 0 0 0 0 0 0 0 
385 2772 19404 135793 915861 5889555 35707651 0 0 0 0 0 0 0 0 0 0 0 0 
385 2709 19530 136738 923190 5939010 36037918 0 0 0 0 0 0 0 0 0 0 0 0 
385 2793 19362 135492 913446 5871999 35602602 0 0 0 0 0 0 0 0 0 0 0 0 
385 2877 19194 133756 905046 5811960 35232526 0 0 0 0 0 0 0 0 0 0 0 0 
385 2919 19110 131628 903450 5819835 35120547 0 0 0 0 0 0 0 0 0 0 0 0 
385 2856 19236 133490 909267 5849004 35364917 0 0 0 0 0 0 0 0 0 0 0 0 
385 2751 19446 136087 918318 5905326 35823739 0 0 0 0 0 0 0 0 0 0 0 0 
385 2751 19446 135877 919032 5910723 35843773 0 0 0 0 0 0 0 0 0 0 0 0 
385 2982 18984 129990 897759 5787663 34857375 0 0 0 0 0 0 0 0 0 0 0 0 
385 2814 19320 134918 912039 5862780 35521262 0 0 0 0 0 0 0 0 0 0 0 0 
385 2709 19530 136738 923190 5939010 36037918 0 0 0 0 0 0 0 0 0 0 0 0 
385 2835 19278 134491 909918 5846862 35431459 0 0 0 0 0 0 0 0 0 0 0 0 
385 3066 18816 126987 892887 5774391 34541661 0 0 0 0 0 0 0 0 0 0 0 0 
385 2856 19236 133490 909267 5849004 35364917 0 0 0 0 0 0 0 0 0 0 0 0 
385 2877 19194 133903 904668 5809104 35214886 0 0 0 0 0 0 0 0 0 0 0 0 
385 2751 19446 135877 919032 5910723 35843773 0 0 0 0 0 0 0 0 0 0 0 0 
385 2730 19488 136458 920523 5921349 35925855 0 0 0 0 0 0 0 0 0 0 0 0 
385 2814 19320 134918 912039 5862822 35521094 0 0 0 0 0 0 0 0 0 0 0 0 
385 2709 19530 136528 923988 5943609 36060892 0 0 0 0 0 0 0 0 0 0 0 0 
385 2709 19530 136675 923568 5940480 36050098 0 0 0 0 0 0 0 0 0 0 0 0 
385 2814 19320 135345 909225 5845266 35480193 0 0 0 0 0 0 0 0 0 0 0 0 
385 3402 18144 114156 877473 5783967 33213222 0 0 0 0 0 0 0 0 0 0 0 0 
385 3045 18858 128051 893874 5770128 34594112 0 0 0 0 0 0 0 0 0 0 0 0 
385 2814 19320 134918 912039 5862801 35521178 0 0 0 0 0 0 0 0 0 0 0 0 
385 2793 19362 135709 913152 5867652 35591038 0 0 0 0 0 0 0 0 0 0 0 0 
385 2856 19236 133490 909267 5848983 35365001 0 0 0 0 0 0 0 0 0 0 0 0 
385 2877 19194 133756 905046 5811960 35232526 0 0 0 0 0 0 0 0 0 0 0 0 
385 2646 19656 137410 931779 5995080 36403276 0 0 0 0 0 0 0 0 0 0 0 0 
385 2751 19446 136080 918570 5907699 35823963 0 0 0 0 0 0 0 0 0 0 0 0 
385 3402 18144 114156 877473 5783967 33213222 0 0 0 0 0 0 0 0 0 0 0 0 
385 3045 18858 128051 893874 5770086 34594280 0 0 0 0 0 0 0 0 0 0 0 0 
385 2814 19320 134918 912039 5862801 35521178 0 0 0 0 0 0 0 0 0 0 0 0 
385 2667 19614 137053 929406 5978952 36298171 0 0 0 0 0 0 0 0 0 0 0 0 
385 2856 19236 133490 909267 5849025 35364833 0 0 0 0 0 0 0 0 0 0 0 0 
385 2751 19446 136150 918234 5905095 35814331 0 0 0 0 0 0 0 0 0 0 0 0 
385 2772 19404 135646 915987 5891193 35723023 0 0 0 0 0 0 0 0 0 0 0 0 
385 2877 19194 133266 905256 5823531 35259630 0 0 0 0 0 0 0 0 0 0 0 0 
385 2877 19194 132846 907944 5840373 35291088 0 0 0 0 0 0 0 0 0 0 0 0 
385 2835 19278 134281 910464 5853393 35440909 0 0 0 0 0 0 0 0 0 0 0 0 
385 2751 19446 136080 918570 5907699 35823963 0 0 0 0 0 0 0 0 0 0 0 0 
385 2793 19362 135709 913152 5867652 35591038 0 0 0 0 0 0 0 0 0 0 0 0 
385 2793 19362 135492 913446 5871999 35602602 0 0 0 0 0 0 0 0 0 0 0 0 
385 2751 19446 136150 918234 5905095 35814331 0 0 0 0 0 0 0 0 0 0 0 0 
385 2667 19614 137256 928818 5976390 36270927 0 0 0 0 0 0 0 0 0 0 0 0 
385 2709 19530 136528 923988 5943609 36060892 0 0 0 0 0 0 0 0 0 0 0 0 
385 2877 19194 133476 906054 5823132 35239554 0 0 0 0 0 0 0 0 0 0 0 0 
385 2709 19530 136885 922812 5937246 36017716 0 0 0 0 0 0 0 0 0 0 0 0 
385 2877 19194 133266 905256 5823531 35259630 0 0 0 0 0 0 0 0 0 0 0 0 
385 2667 19614 137053 929406 5978952 36298171 0 0 0 0 0 0 0 0 0 0 0 0 
385 3171 18606 123270 888498 5767692 34109439 0 0 0 0 0 0 0 0 0 0 0 0 
385 2877 19194 133756 905046 5811960 35232526 0 0 0 0 0 0 0 0 0 0 0 0 
385 2793 19362 135282 914286 5877669 35624190 0 0 0 0 0 0 0 0 0 0 0 0 
385 2709 19530 136738 923190 5939010 36037918 0 0 0 0 0 0 0 0 0 0 0 0 
385 2730 19488 136591 920439 5920089 35912905 0 0 0 0 0 0 0 0 0 0 0 0 
385 2814 19320 134372 912837 5872440 35575001 0 0 0 0 0 0 0 0 0 0 0 0 
385 2877 19194 133756 905046 5811960 35232526 0 0 0 0 0 0 0 0 0 0 0 0 
385 3045 18858 128051 893874 5770128 34594112 0 0 0 0 0 0 0 0 0 0 0 0 
385 2772 19404 135513 916071 5891928 35745780 0 0 0 0 0 0 0 0 0 0 0 0 
385 2730 19488 136381 921237 5924520 35938231 0 0 0 0 0 0 0 0 0 0 0 0 
385 2919 19110 131628 903450 5819835 35120547 0 0 0 0 0 0 0 0 0 0 0 0 
385 2709 19530 136738 923400 5940039 36037876 0 0 0 0 0 0 0 0 0 0 0 0 
385 2730 19488 136381 921237 5924520 35938231 0 0 0 0 0 0 0 0 0 0 0 0 
385 2814 19320 134372 912837 5872398 35575169 0 0 0 0 0 0 0 0 0 0 0 0 
385 2751 19446 136150 918234 5905095 35814331 0 0 0 0 0 0 0 0 0 0 0 0 
385 3045 18858 128051 893874 5770086 34594280 0 0 0 0 0 0 0 0 0 0 0 0 
385 2898 19152 132279 905445 5828214 35198163 0 0 0 0 0 0 0 0 0 0 0 0 
385 2730 19488 136591 920439 5920089 35912905 0 0 0 0 0 0 0 0 0 0 0 0 
385 2793 19362 135702 912732 5866665 35582946 0 0 0 0 0 0 0 0 0 0 0 0 
385 2835 19278 134344 910212 5849844 35444647 0 0 0 0 0 0 0 0 0 0 0 0 
385 2667 19614 137263 928692 5975655 36269149 0 0 0 0 0 0 0 0 0 0 0 0 
385 2814 19320 134372 912837 5872419 35575043 0 0 0 0 0 0 0 0 0 0 0 0 
385 2793 19362 135009 914118 5879874 35646786 0 0 0 0 0 0 0 0 0 0 0 0 
385 2772 19404 135730 916407 5891991 35722918 0 0 0 0 0 0 0 0 0 0 0 0 
385 2772 19404 135583 916407 5891865 35734657 0 0 0 0 0 0 0 0 0 0 0 0 
385 3045 18858 128051 893874 5770086 34594280 0 0 0 0 0 0 0 0 0 0 0 0 
385 2772 19404 135723 916155 5890899 35717745 0 0 0 0 0 0 0 0 0 0 0 0 
385 2877 19194 133903 904668 5809104 35214886 0 0 0 0 0 0 0 0 0 0 0 0 
385 2793 19362 135499 913656 5873574 35605822 0 0 0 0 0 0 0 0 0 0 0 0 
385 2814 19320 134372 912837 5872419 35575043 0 0 0 0 0 0 0 0 0 0 0 0 
385 3297 18354 118293 881190 5768952 33651156 0 0 0 0 0 0 0 0 0 0 0 0 
385 2772 19404 135730 916407 5891991 35722918 0 0 0 0 0 0 0 0 0 0 0 0 
385 2772 19404 135793 915693 5887980 35708911 0 0 0 0 0 0 0 0 0 0 0 0 
385 3045 18858 128051 893874 5770128 34594112 0 0 0 0 0 0 0 0 0 0 0 0 
385 2772 19404 135513 916743 5896443 35732949 0 0 0 0 0 0 0 0 0 0 0 0 
385 2751 19446 136087 918318 5905326 35823739 0 0 0 0 0 0 0 0 0 0 0 0 
385 2814 19320 134372 912837 5872398 35575169 0 0 0 0 0 0 0 0 0 0 0 0 
385 2835 19278 135135 906390 5823090 35387100 0 0 0 0 0 0 0 0 0 0 0 0 
385 2709 19530 136885 922812 5937246 36017716 0 0 0 0 0 0 0 0 0 0 0 0 
385 2814 19320 134372 912837 5872419 35575043 0 0 0 0 0 0 0 0 0 0 0 0 
385 2793 19362 135646 913446 5871306 35590912 0 0 0 0 0 0 0 0 0 0 0 0 
385 2814 19320 134372 912837 5872398 35575169 0 0 0 0 0 0 0 0 0 0 0 0 
385 2814 19320 134925 911829 5858454 35529606 0 0 0 0 0 0 0 0 0 0 0 0 
385 2667 19614 137263 928692 5975655 36269149 0 0 0 0 0 0 0 0 0 0 0 0 
385 2814 19320 134372 912837 5872440 35575001 0 0 0 0 0 0 0 0 0 0 0 0 
385 2835 19278 135135 906390 5823090 35387100 0 0 0 0 0 0 0 0 0 0 0 0 
385 2835 19278 134281 910464 5853393 35440909 0 0 0 0 0 0 0 0 0 0 0 0 
385 2814 19320 134372 912837 5872419 35575043 0 0 0 0 0 0 0 0 0 0 0 0 
385 2667 19614 137200 928776 5975970 36275911 0 0 0 0 0 0 0 0 0 0 0 0 
385 2814 19320 134372 912837 5872440 35575001 0 0 0 0 0 0 0 0 0 0 0 0 
385 2688 19572 136899 926487 5960262 36168027 0 0 0 0 0 0 0 0 0 0 0 0 
385 2793 19362 135499 913656 5873574 35605822 0 0 0 0 0 0 0 0 0 0 0 0 
385 2730 19488 136584 920187 5919606 35904540 0 0 0 0 0 0 0 0 0 0 0 0 
385 2688 19572 136899 926487 5960262 36168027 0 0 0 0 0 0 0 0 0 0 0 0 
385 2772 19404 135156 918045 5904738 35773899 0 0 0 0 0 0 0 0 0 0 0 0 
385 3066 18816 127197 893517 5772417 34510770 0 0 0 0 0 0 0 0 0 0 0 0 
385 2835 19278 133854 910800 5860344 35474061 0 0 0 0 0 0 0 0 0 0 0 0 
385 2793 19362 135702 912732 5866665 35582946 0 0 0 0 0 0 0 0 0 0 0 0 
385 2877 19194 133476 906054 5823132 35239554 0 0 0 0 0 0 0 0 0 0 0 0 
385 3171 18606 123270 888498 5767692 34109439 0 0 0 0 0 0 0 0 0 0 0 0 
385 2982 18984 129696 900237 5803413 34856934 0 0 0 0 0 0 0 0 0 0 0 0 
385 2814 19320 134925 911829 5858454 35529606 0 0 0 0 0 0 0 0 0 0 0 0 
385 2772 19404 135996 915567 5885943 35694099 0 0 0 0 0 0 0 0 0 0 0 0 
385 2814 19320 135135 911157 5854989 35504532 0 0 0 0 0 0 0 0 0 0 0 0 
385 3465 18018 111804 873378 5783778 32968320 0 0 0 0 0 0 0 0 0 0 0 0 
385 2919 19110 131628 903450 5819835 35120547 0 0 0 0 0 0 0 0 0 0 0 0 
385 2877 19194 132846 907944 5840373 35291088 0 0 0 0 0 0 0 0 0 0 0 0 
385 2793 19362 135492 913446 5871999 35602602 0 0 0 0 0 0 0 0 0 0 0 0 
385 2709 19530 136675 923568 5940480 36050098 0 0 0 0 0 0 0 0 0 0 0 0 
385 2667 19614 137200 928776 5975970 36275911 0 0 0 0 0 0 0 0 0 0 0 0 
385 2772 19404 135646 915987 5891193 35723023 0 0 0 0 0 0 0 0 0 0 0 0 
385 2814 19320 135205 910947 5853330 35496496 0 0 0 0 0 0 0 0 0 0 0 0 
385 2814 19320 135345 909225 5845266 35480193 0 0 0 0 0 0 0 0 0 0 0 0 
385 2898 19152 132279 905445 5828214 35198163 0 0 0 0 0 0 0 0 0 0 0 0 
385 2877 19194 133266 905256 5823531 35259630 0 0 0 0 0 0 0 0 0 0 0 0 
385 2793 19362 135282 914286 5877669 35624190 0 0 0 0 0 0 0 0 0 0 0 0 
385 2835 19278 134491 909918 5846862 35431459 0 0 0 0 0 0 0 0 0 0 0 0 
385 2793 19362 135646 913446 5871306 35590912 0 0 0 0 0 0 0 0 0 0 0 0 
385 2646 19656 137410 931779 5995080 36403276 0 0 0 0 0 0 0 0 0 0 0 0 
385 2814 19320 134995 911661 5857383 35521822 0 0 0 0 0 0 0 0 0 0 0 0 
385 3066 18816 126987 892887 5774391 34541661 0 0 0 0 0 0 0 0 0 0 0 0 
385 2772 19404 135513 916071 5891928 35745780 0 0 0 0 0 0 0 0 0 0 0 0 
385 2751 19446 136080 918570 5907699 35823963 0 0 0 0 0 0 0 0 0 0 0 0 
385 2667 19614 137256 928818 5976390 36270927 0 0 0 0 0 0 0 0 0 0 0 0 
385 2772 19404 135856 915819 5887392 35709247 0 0 0 0 0 0 0 0 0 0 0 0 
385 2793 19362 135499 913656 5873574 35605822 0 0 0 0 0 0 0 0 0 0 0 0 
385 2940 19068 131754 901035 5793669 34982913 0 0 0 0 0 0 0 0 0 0 0 0 
385 3297 18354 118293 881190 5768952 33651156 0 0 0 0 0 0 0 0 0 0 0 0 
385 2688 19572 137032 926319 5959485 36154573 0 0 0 0 0 0 0 0 0 0 0 0 
385 2835 19278 134344 910212 5849844 35444647 0 0 0 0 0 0 0 0 0 0 0 0 
385 2982 18984 129696 900237 5803413 34856934 0 0 0 0 0 0 0 0 0 0 0 0 
385 3465 18018 111804 873378 5783778 32968320 0 0 0 0 0 0 0 0 0 0 0 0 
385 2772 19404 135856 915819 5887392 35709247 0 0 0 0 0 0 0 0 0 0 0 0 
385 2667 19614 137263 928692 5975655 36269149 0 0 0 0 0 0 0 0 0 0 0 0 
385 2940 19068 131754 901035 5793669 34982913 0 0 0 0 0 0 0 0 0 0 0 0 
385 2793 19362 135009 914118 5879874 35646786 0 0 0 0 0 0 0 0 0 0 0 0 
385 2814 19320 134428 913215 5873994 35557144 0 0 0 0 0 0 0 0 0 0 0 0 
385 2709 19530 136738 923400 5940039 36037876 0 0 0 0 0 0 0 0 0 0 0 0 
385 2730 19488 136584 920187 5919606 35904540 0 0 0 0 0 0 0 0 0 0 0 0 
385 2835 19278 133854 910800 5860344 35474061 0 0 0 0 0 0 0 0 0 0 0 0 
385 3045 18858 128051 893874 5770107 34594238 0 0 0 0 0 0 0 0 0 0 0 0 
385 2814 19320 134372 912837 5872440 35575001 0 0 0 0 0 0 0 0 0 0 0 0 
385 2730 19488 136444 920943 5922021 35932876 0 0 0 0 0 0 0 0 0 0 0 0 
385 2835 19278 134281 910464 5853393 35440909 0 0 0 0 0 0 0 0 0 0 0 0 
385 2709 19530 136465 924324 5945562 36070636 0 0 0 0 0 0 0 0 0 0 0 0 
385 2730 19488 136591 920439 5920089 35912905 0 0 0 0 0 0 0 0 0 0 0 0 
385 2772 19404 135996 915567 5885943 35694099 0 0 0 0 0 0 0 0 0 0 0 0 
385 2877 19194 132846 907944 5840373 35291088 0 0 0 0 0 0 0 0 0 0 0 0 
385 3045 18858 128051 893874 5770107 34594238 0 0 0 0 0 0 0 0 0 0 0 0 
385 2814 19320 134372 912837 5872398 35575169 0 0 0 0 0 0 0 0 0 0 0 0 
385 2730 19488 136444 920943 5922021 35932876 0 0 0 0 0 0 0 0 0 0 0 0 
385 2709 19530 136885 922812 5937246 36017716 0 0 0 0 0 0 0 0 0 0 0 0 
385 2835 19278 135121 908070 5831490 35374297 0 0 0 0 0 0 0 0 0 0 0 0 
385 2730 19488 136381 921237 5924520 35938231 0 0 0 0 0 0 0 0 0 0 0 0 
385 2772 19404 135156 918045 5904738 35773899 0 0 0 0 0 0 0 0 0 0 0 0 
385 2877 19194 133476 906054 5823132 35239554 0 0 0 0 0 0 0 0 0 0 0 0 
385 2982 18984 129696 900237 5803413 34856934 0 0 0 0 0 0 0 0 0 0 0 0 
385 2940 19068 131754 901035 5793669 34982913 0 0 0 0 0 0 0 0 0 0 0 0 
385 2835 19278 134491 909918 5846862 35431459 0 0 0 0 0 0 0 0 0 0 0 0 
385 2751 19446 135877 919032 5910723 35843773 0 0 0 0 0 0 0 0 0 0 0 0 
385 2814 19320 134925 911829 5858454 35529606 0 0 0 0 0 0 0 0 0 0 0 0 
385 2772 19404 135996 915567 5885943 35694099 0 0 0 0 0 0 0 0 0 0 0 0 
385 2793 19362 135646 913446 5871306 35590912 0 0 0 0 0 0 0 0 0 0 0 0 
385 2709 19530 136465 924324 5945562 36070636 0 0 0 0 0 0 0 0 0 0 0 0 
385 2730 19488 136584 920187 5919606 35904540 0 0 0 0 0 0 0 0 0 0 0 0 
385 2940 19068 131754 901035 5793669 34982913 0 0 0 0 0 0 0 0 0 0 0 0 
385 2709 19530 136675 923568 5940480 36050098 0 0 0 0 0 0 0 0 0 0 0 0 
385 2751 19446 135877 919032 5910723 35843773 0 0 0 0 0 0 0 0 0 0 0 0 
385 2688 19572 136899 926487 5960262 36168027 0 0 0 0 0 0 0 0 0 0 0 0 
385 2772 19404 135156 918045 5904738 35773899 0 0 0 0 0 0 0 0 0 0 0 0 
385 2667 19614 137200 928776 5975970 36275911 0 0 0 0 0 0 0 0 0 0 0 0 
385 2835 19278 135121 908070 5831490 35374297 0 0 0 0 0 0 0 0 0 0 0 0 
385 2688 19572 137032 926319 5959485 36154573 0 0 0 0 0 0 0 0 0 0 0 0 
385 2772 19404 135856 915819 5887392 35709247 0 0 0 0 0 0 0 0 0 0 0 0 
385 2814 19320 134918 912039 5862780 35521262 0 0 0 0 0 0 0 0 0 0 0 0 
385 2856 19236 133490 909267 5849004 35364917 0 0 0 0 0 0 0 0 0 0 0 0 
385 2772 19404 135723 916155 5890899 35717745 0 0 0 0 0 0 0 0 0 0 0 0 
385 2982 18984 129696 900237 5803413 34856934 0 0 0 0 0 0 0 0 0 0 0 0 
385 2772 19404 135583 916407 5891865 35734657 0 0 0 0 0 0 0 0 0 0 0 0 
385 2688 19572 137032 926319 5959485 36154573 0 0 0 0 0 0 0 0 0 0 0 0 
385 2814 19320 134428 913215 5873994 35557144 0 0 0 0 0 0 0 0 0 0 0 0 
385 2772 19404 135856 915819 5887392 35709247 0 0 0 0 0 0 0 0 0 0 0 0 
385 2814 19320 134918 912039 5862822 35521094 0 0 0 0 0 0 0 0 0 0 0 0 
385 2856 19236 133490 909267 5849004 35364917 0 0 0 0 0 0 0 0 0 0 0 0 
385 2772 19404 135513 916743 5896443 35732949 0 0 0 0 0 0 0 0 0 0 0 0 
385 2730 19488 136584 920187 5919606 35904540 0 0 0 0 0 0 0 0 0 0 0 0 
385 2772 19404 135793 915693 5887980 35708911 0 0 0 0 0 0 0 0 0 0 0 0 
385 2814 19320 134428 913215 5873994 35557144 0 0 0 0 0 0 0 0 0 0 0 0 
385 2772 19404 135723 916155 5890899 35717745 0 0 0 0 0 0 0 0 0 0 0 0 
385 2793 19362 135009 914118 5879874 35646786 0 0 0 0 0 0 0 0 0 0 0 0 
385 2751 19446 135954 919158 5911185 35836647 0 0 0 0 0 0 0 0 0 0 0 0 
385 2730 19488 136458 920523 5921349 35925855 0 0 0 0 0 0 0 0 0 0 0 0 
385 3171 18606 123564 888078 5759313 34066074 0 0 0 0 0 0 0 0 0 0 0 0 
385 2814 19320 135135 911157 5854989 35504532 0 0 0 0 0 0 0 0 0 0 0 0 
385 3150 18648 123585 892215 5788125 34203960 0 0 0 0 0 0 0 0 0 0 0 0 
385 2751 19446 135954 919158 5911185 35836647 0 0 0 0 0 0 0 0 0 0 0 0 
385 2772 19404 135513 916743 5896443 35732949 0 0 0 0 0 0 0 0 0 0 0 0 
385 3297 18354 118293 881190 5768952 33651156 0 0 0 0 0 0 0 0 0 0 0 0 
385 2877 19194 133560 905676 5819961 35243838 0 0 0 0 0 0 0 0 0 0 0 0 
385 2982 18984 129990 897759 5787663 34857375 0 0 0 0 0 0 0 0 0 0 0 0 
385 2793 19362 135366 913824 5873553 35618457 0 0 0 0 0 0 0 0 0 0 0 0 
385 3066 18816 127197 893517 5772417 34510770 0 0 0 0 0 0 0 0 0 0 0 0 
385 2772 19404 135807 916281 5890941 35713629 0 0 0 0 0 0 0 0 0 0 0 0 
385 2877 19194 133560 905676 5819961 35243838 0 0 0 0 0 0 0 0 0 0 0 0 
385 2772 19404 135583 916407 5891865 35734657 0 0 0 0 0 0 0 0 0 0 0 0 
385 2667 19614 137263 928692 5975655 36269149 0 0 0 0 0 0 0 0 0 0 0 0 
385 2772 19404 135793 915861 5889555 35707651 0 0 0 0 0 0 0 0 0 0 0 0 
385 2877 19194 133903 904668 5809104 35214886 0 0 0 0 0 0 0 0 0 0 0 0 
385 3171 18606 123564 888078 5759313 34066074 0 0 0 0 0 0 0 0 0 0 0 0 
385 2814 19320 134925 911829 5858454 35529606 0 0 0 0 0 0 0 0 0 0 0 0 
385 3171 18606 123564 888078 5759313 34066074 0 0 0 0 0 0 0 0 0 0 0 0 
385 2772 19404 135723 916155 5890899 35717745 0 0 0 0 0 0 0 0 0 0 0 0 
385 2772 19404 135793 915693 5887980 35708911 0 0 0 0 0 0 0 0 0 0 0 0 
385 2793 19362 135499 913656 5873574 35605822 0 0 0 0 0 0 0 0 0 0 0 0 
385 2646 19656 137347 931947 5995689 36411382 0 0 0 0 0 0 0 0 0 0 0 0 
385 2751 19446 136087 918318 5905326 35823739 0 0 0 0 0 0 0 0 0 0 0 0 
385 2793 19362 135366 913824 5873553 35618457 0 0 0 0 0 0 0 0 0 0 0 0 
385 2688 19572 136899 926487 5960262 36168027 0 0 0 0 0 0 0 0 0 0 0 0 
385 2793 19362 135366 913824 5873553 35618457 0 0 0 0 0 0 0 0 0 0 0 0 
385 2772 19404 135513 916743 5896443 35732949 0 0 0 0 0 0 0 0 0 0 0 0 
385 2772 19404 135856 915819 5887392 35709247 0 0 0 0 0 0 0 0 0 0 0 0 
385 2730 19488 136584 920187 5919606 35904540 0 0 0 0 0 0 0 0 0 0 0 0 
385 3045 18858 128051 893874 5770107 34594238 0 0 0 0 0 0 0 0 0 0 0 0 
385 2709 19530 136675 923568 5940480 36050098 0 0 0 0 0 0 0 0 0 0 0 0 
385 2667 19614 137263 928692 5975655 36269149 0 0 0 0 0 0 0 0 0 0 0 0 
385 2877 19194 132846 907944 5840373 35291088 0 0 0 0 0 0 0 0 0 0 0 0 
385 2814 19320 134372 912837 5872398 35575169 0 0 0 0 0 0 0 0 0 0 0 0 
385 2730 19488 136591 920439 5920089 35912905 0 0 0 0 0 0 0 0 0 0 0 0 
385 2772 19404 135856 915819 5887392 35709247 0 0 0 0 0 0 0 0 0 0 0 0 
385 2982 18984 129696 900237 5803413 34856934 0 0 0 0 0 0 0 0 0 0 0 0 
385 3045 18858 128051 893874 5770107 34594238 0 0 0 0 0 0 0 0 0 0 0 0 
385 2835 19278 134491 909918 5846862 35431459 0 0 0 0 0 0 0 0 0 0 0 0 
385 2793 19362 135499 913656 5873574 35605822 0 0 0 0 0 0 0 0 0 0 0 0 
385 2877 19194 133476 906054 5823132 35239554 0 0 0 0 0 0 0 0 0 0 0 0 
385 2814 19320 134372 912837 5872440 35575001 0 0 0 0 0 0 0 0 0 0 0 0 
385 2730 19488 136381 921237 5924520 35938231 0 0 0 0 0 0 0 0 0 0 0 0 
385 2856 19236 133490 909267 5849004 35364917 0 0 0 0 0 0 0 0 0 0 0 0 
385 2814 19320 134428 913215 5873994 35557144 0 0 0 0 0 0 0 0 0 0 0 0 
385 3402 18144 114156 877473 5783967 33213222 0 0 0 0 0 0 0 0 0 0 0 0 
385 2814 19320 134918 912039 5862822 35521094 0 0 0 0 0 0 0 0 0 0 0 0 
385 2877 19194 133903 904668 5809104 35214886 0 0 0 0 0 0 0 0 0 0 0 0 
385 3465 18018 111804 873378 5783778 32968320 0 0 0 0 0 0 0 0 0 0 0 0 
385 3045 18858 128051 893874 5770086 34594280 0 0 0 0 0 0 0 0 0 0 0 0 
385 2835 19278 134344 910212 5849844 35444647 0 0 0 0 0 0 0 0 0 0 0 0 
385 2856 19236 133490 909267 5849004 35364917 0 0 0 0 0 0 0 0 0 0 0 0 
385 2688 19572 137032 926319 5959485 36154573 0 0 0 0 0 0 0 0 0 0 0 0 
385 3402 18144 114156 877473 5783967 33213222 0 0 0 0 0 0 0 0 0 0 0 0 
385 2814 19320 134918 912039 5862780 35521262 0 0 0 0 0 0 0 0 0 0 0 0 
385 2751 19446 136087 918318 5905326 35823739 0 0 0 0 0 0 0 0 0 0 0 0 
385 2835 19278 133854 910800 5860344 35474061 0 0 0 0 0 0 0 0 0 0 0 0 
385 3045 18858 128051 893874 5770128 34594112 0 0 0 0 0 0 0 0 0 0 0 0 
385 2709 19530 136738 923400 5940039 36037876 0 0 0 0 0 0 0 0 0 0 0 0 
385 2688 19572 137032 926319 5959485 36154573 0 0 0 0 0 0 0 0 0 0 0 0 
385 2835 19278 133854 910800 5860344 35474061 0 0 0 0 0 0 0 0 0 0 0 0 
385 2709 19530 136465 924324 5945562 36070636 0 0 0 0 0 0 0 0 0 0 0 0 
385 2814 19320 135345 909225 5845266 35480193 0 0 0 0 0 0 0 0 0 0 0 0 
385 2772 19404 135583 916407 5891865 35734657 0 0 0 0 0 0 0 0 0 0 0 0 
385 2793 19362 135492 913446 5871999 35602602 0 0 0 0 0 0 0 0 0 0 0 0 
385 2793 19362 135646 913446 5871306 35590912 0 0 0 0 0 0 0 0 0 0 0 0 
385 2772 19404 135513 916071 5891928 35745780 0 0 0 0 0 0 0 0 0 0 0 0 
385 2814 19320 134428 913215 5873994 35557144 0 0 0 0 0 0 0 0 0 0 0 0 
385 3465 18018 111804 873378 5783778 32968320 0 0 0 0 0 0 0 0 0 0 0 0 
385 2835 19278 135121 908070 5831490 35374297 0 0 0 0 0 0 0 0 0 0 0 0 
385 3066 18816 126987 892887 5774391 34541661 0 0 0 0 0 0 0 0 0 0 0 0 
385 2772 19404 135793 915693 5887980 35708911 0 0 0 0 0 0 0 0 0 0 0 0 
385 3171 18606 123270 888498 5767692 34109439 0 0 0 0 0 0 0 0 0 0 0 0 
385 2667 19614 137200 928776 5975970 36275911 0 0 0 0 0 0 0 0 0 0 0 0 
385 2898 19152 132279 905445 5828214 35198163 0 0 0 0 0 0 0 0 0 0 0 0 
385 2814 19320 134918 912039 5862780 35521262 0 0 0 0 0 0 0 0 0 0 0 0 
385 2709 19530 136738 923400 5940039 36037876 0 0 0 0 0 0 0 0 0 0 0 0 
385 2856 19236 133490 909267 5848983 35365001 0 0 0 0 0 0 0 0 0 0 0 0 
385 2709 19530 136528 923988 5943609 36060892 0 0 0 0 0 0 0 0 0 0 0 0 
385 2772 19404 135793 915861 5889555 35707651 0 0 0 0 0 0 0 0 0 0 0 0 
385 2919 19110 131628 903450 5819835 35120547 0 0 0 0 0 0 0 0 0 0 0 0 
385 2814 19320 134995 911661 5857383 35521822 0 0 0 0 0 0 0 0 0 0 0 0 
385 2667 19614 137256 928818 5976390 36270927 0 0 0 0 0 0 0 0 0 0 0 0 
385 2814 19320 134918 912039 5862822 35521094 0 0 0 0 0 0 0 0 0 0 0 0 
385 2835 19278 134344 910212 5849844 35444647 0 0 0 0 0 0 0 0 0 0 0 0 
385 2856 19236 133490 909267 5849025 35364833 0 0 0 0 0 0 0 0 0 0 0 0 
385 2709 19530 136738 923190 5939010 36037918 0 0 0 0 0 0 0 0 0 0 0 0 
385 2646 19656 137347 931947 5995689 36411382 0 0 0 0 0 0 0 0 0 0 0 0 
385 2793 19362 135702 912732 5866665 35582946 0 0 0 0 0 0 0 0 0 0 0 0 
385 2814 19320 135205 910947 5853330 35496496 0 0 0 0 0 0 0 0 0 0 0 0 
385 2793 19362 135282 914286 5877669 35624190 0 0 0 0 0 0 0 0 0 0 0 0 
385 2772 19404 135996 915567 5885943 35694099 0 0 0 0 0 0 0 0 0 0 0 0 
385 2730 19488 136444 920943 5922021 35932876 0 0 0 0 0 0 0 0 0 0 0 0 
385 2646 19656 137410 931779 5995080 36403276 0 0 0 0 0 0 0 0 0 0 0 0 
385 2814 19320 134918 912039 5862801 35521178 0 0 0 0 0 0 0 0 0 0 0 0 
385 2814 19320 135135 911157 5854989 35504532 0 0 0 0 0 0 0 0 0 0 0 0 
385 2646 19656 137410 931779 5995080 36403276 0 0 0 0 0 0 0 0 0 0 0 0 
385 2814 19320 134995 911661 5857383 35521822 0 0 0 0 0 0 0 0 0 0 0 0 
385 2856 19236 133490 909267 5848983 35365001 0 0 0 0 0 0 0 0 0 0 0 0 
385 2772 19404 135156 918045 5904738 35773899 0 0 0 0 0 0 0 0 0 0 0 0 
385 2730 19488 136444 920943 5922021 35932876 0 0 0 0 0 0 0 0 0 0 0 0 
385 2772 19404 135646 915987 5891193 35723023 0 0 0 0 0 0 0 0 0 0 0 0 
385 2814 19320 134918 912039 5862801 35521178 0 0 0 0 0 0 0 0 0 0 0 0 
385 3066 18816 127197 893517 5772417 34510770 0 0 0 0 0 0 0 0 0 0 0 0 
385 2772 19404 135646 915987 5891193 35723023 0 0 0 0 0 0 0 0 0 0 0 0 
385 2814 19320 135205 910947 5853330 35496496 0 0 0 0 0 0 0 0 0 0 0 0 
385 2856 19236 133490 909267 5849025 35364833 0 0 0 0 0 0 0 0 0 0 0 0 
385 2709 19530 136465 924324 5945562 36070636 0 0 0 0 0 0 0 0 0 0 0 0 
385 3045 18858 128051 893874 5770107 34594238 0 0 0 0 0 0 0 0 0 0 0 0 
385 2856 19236 133490 909267 5848983 35365001 0 0 0 0 0 0 0 0 0 0 0 0 
385 3402 18144 114156 877473 5783967 33213222 0 0 0 0 0 0 0 0 0 0 0 0 
385 2751 19446 135954 919158 5911185 35836647 0 0 0 0 0 0 0 0 0 0 0 0 
385 2835 19278 134491 909918 5846862 35431459 0 0 0 0 0 0 0 0 0 0 0 0 
385 2772 19404 135793 915861 5889555 35707651 0 0 0 0 0 0 0 0 0 0 0 0 
385 2814 19320 134918 912039 5862780 35521262 0 0 0 0 0 0 0 0 0 0 0 0 
385 2835 19278 135121 908070 5831490 35374297 0 0 0 0 0 0 0 0 0 0 0 0 
385 3045 18858 128051 893874 5770107 34594238 0 0 0 0 0 0 0 0 0 0 0 0 
385 2856 19236 133490 909267 5849025 35364833 0 0 0 0 0 0 0 0 0 0 0 0 
385 3402 18144 114156 877473 5783967 33213222 0 0 0 0 0 0 0 0 0 0 0 0 
385 2877 19194 133560 905676 5819961 35243838 0 0 0 0 0 0 0 0 0 0 0 0 
385 2709 19530 136675 923568 5940480 36050098 0 0 0 0 0 0 0 0 0 0 0 0 
385 2646 19656 137347 931947 5995689 36411382 0 0 0 0 0 0 0 0 0 0 0 0 
385 2814 19320 134918 912039 5862822 35521094 0 0 0 0 0 0 0 0 0 0 0 0 
385 2814 19320 134925 911829 5858454 35529606 0 0 0 0 0 0 0 0 0 0 0 0 
385 2709 19530 136885 922812 5937246 36017716 0 0 0 0 0 0 0 0 0 0 0 0 
385 2814 19320 135135 911157 5854989 35504532 0 0 0 0 0 0 0 0 0 0 0 0 
385 2667 19614 137053 929406 5978952 36298171 0 0 0 0 0 0 0 0 0 0 0 0 
385 3171 18606 123564 888078 5759313 34066074 0 0 0 0 0 0 0 0 0 0 0 0 
385 2814 19320 134995 911661 5857383 35521822 0 0 0 0 0 0 0 0 0 0 0 0 
385 3171 18606 123564 888078 5759313 34066074 0 0 0 0 0 0 0 0 0 0 0 0 
385 2772 19404 135793 915861 5889555 35707651 0 0 0 0 0 0 0 0 0 0 0 0 
385 2688 19572 136899 926487 5960262 36168027 0 0 0 0 0 0 0 0 0 0 0 0 
385 2835 19278 134281 910464 5853393 35440909 0 0 0 0 0 0 0 0 0 0 0 0 
385 3066 18816 127197 893517 5772417 34510770 0 0 0 0 0 0 0 0 0 0 0 0 
385 2793 19362 135709 913152 5867652 35591038 0 0 0 0 0 0 0 0 0 0 0 0 
385 2793 19362 135366 913824 5873553 35618457 0 0 0 0 0 0 0 0 0 0 0 0 
385 2814 19320 135205 910947 5853330 35496496 0 0 0 0 0 0 0 0 0 0 0 0 
385 2793 19362 135366 913824 5873553 35618457 0 0 0 0 0 0 0 0 0 0 0 0 
385 2646 19656 137347 931947 5995689 36411382 0 0 0 0 0 0 0 0 0 0 0 0 
385 2793 19362 135646 913446 5871306 35590912 0 0 0 0 0 0 0 0 0 0 0 0 
385 2814 19320 134372 912837 5872398 35575169 0 0 0 0 0 0 0 0 0 0 0 0 
385 2814 19320 134995 911661 5857383 35521822 0 0 0 0 0 0 0 0 0 0 0 0 
385 3045 18858 128051 893874 5770086 34594280 0 0 0 0 0 0 0 0 0 0 0 0 
385 3150 18648 123585 892215 5788125 34203960 0 0 0 0 0 0 0 0 0 0 0 0 
385 2793 19362 135646 913446 5871306 35590912 0 0 0 0 0 0 0 0 0 0 0 0 
385 3171 18606 123564 888078 5759313 34066074 0 0 0 0 0 0 0 0 0 0 0 0 
385 2772 19404 135583 916407 5891865 35734657 0 0 0 0 0 0 0 0 0 0 0 0 
385 2667 19614 137200 928776 5975970 36275911 0 0 0 0 0 0 0 0 0 0 0 0 
385 2814 19320 134372 912837 5872440 35575001 0 0 0 0 0 0 0 0 0 0 0 0 
385 2814 19320 135205 910947 5853330 35496496 0 0 0 0 0 0 0 0 0 0 0 0 
385 3045 18858 128051 893874 5770128 34594112 0 0 0 0 0 0 0 0 0 0 0 0 
385 2772 19404 135807 916281 5890941 35713629 0 0 0 0 0 0 0 0 0 0 0 0 
385 2667 19614 137200 928776 5975970 36275911 0 0 0 0 0 0 0 0 0 0 0 0 
385 2793 19362 135366 913824 5873553 35618457 0 0 0 0 0 0 0 0 0 0 0 0 
385 2772 19404 135793 915693 5887980 35708911 0 0 0 0 0 0 0 0 0 0 0 0 
385 2940 19068 131754 901035 5793669 34982913 0 0 0 0 0 0 0 0 0 0 0 0 
385 2772 19404 135156 918045 5904738 35773899 0 0 0 0 0 0 0 0 0 0 0 0 
385 2730 19488 136444 920943 5922021 35932876 0 0 0 0 0 0 0 0 0 0 0 0 
385 2772 19404 135646 915987 5891193 35723023 0 0 0 0 0 0 0 0 0 0 0 0 
385 2793 19362 135009 914118 5879874 35646786 0 0 0 0 0 0 0 0 0 0 0 0 
385 2751 19446 136080 918570 5907699 35823963 0 0 0 0 0 0 0 0 0 0 0 0 
385 2709 19530 136885 922812 5937246 36017716 0 0 0 0 0 0 0 0 0 0 0 0 
385 2877 19194 133756 905046 5811960 35232526 0 0 0 0 0 0 0 0 0 0 0 0 
385 2940 19068 131754 901035 5793669 34982913 0 0 0 0 0 0 0 0 0 0 0 0 
385 2772 19404 135996 915567 5885943 35694099 0 0 0 0 0 0 0 0 0 0 0 0 
385 2730 19488 136444 920943 5922021 35932876 0 0 0 0 0 0 0 0 0 0 0 0 
385 2646 19656 137410 931779 5995080 36403276 0 0 0 0 0 0 0 0 0 0 0 0 
385 3297 18354 118293 881190 5768952 33651156 0 0 0 0 0 0 0 0 0 0 0 0 
385 2877 19194 133266 905256 5823531 35259630 0 0 0 0 0 0 0 0 0 0 0 0 
385 2835 19278 134281 910464 5853393 35440909 0 0 0 0 0 0 0 0 0 0 0 0 
385 2751 19446 136150 918234 5905095 35814331 0 0 0 0 0 0 0 0 0 0 0 0 
385 2751 19446 135877 919032 5910723 35843773 0 0 0 0 0 0 0 0 0 0 0 0 
385 2835 19278 135121 908070 5831490 35374297 0 0 0 0 0 0 0 0 0 0 0 0 
385 2814 19320 134918 912039 5862801 35521178 0 0 0 0 0 0 0 0 0 0 0 0 
385 2856 19236 133490 909267 5849025 35364833 0 0 0 0 0 0 0 0 0 0 0 0 
385 2730 19488 136458 920523 5921349 35925855 0 0 0 0 0 0 0 0 0 0 0 0 
385 3066 18816 126987 892887 5774391 34541661 0 0 0 0 0 0 0 0 0 0 0 0 
385 2667 19614 137053 929406 5978952 36298171 0 0 0 0 0 0 0 0 0 0 0 0 
385 2709 19530 136738 923190 5939010 36037918 0 0 0 0 0 0 0 0 0 0 0 0 
385 2751 19446 135877 919032 5910723 35843773 0 0 0 0 0 0 0 0 0 0 0 0 
385 2709 19530 136465 924324 5945562 36070636 0 0 0 0 0 0 0 0 0 0 0 0 
385 2814 19320 134918 912039 5862801 35521178 0 0 0 0 0 0 0 0 0 0 0 0 
385 2856 19236 133490 909267 5848983 35365001 0 0 0 0 0 0 0 0 0 0 0 0 
385 2982 18984 129990 897759 5787663 34857375 0 0 0 0 0 0 0 0 0 0 0 0 
385 2814 19320 135345 909225 5845266 35480193 0 0 0 0 0 0 0 0 0 0 0 0 
385 2793 19362 135709 913152 5867652 35591038 0 0 0 0 0 0 0 0 0 0 0 0 
385 2709 19530 136528 923988 5943609 36060892 0 0 0 0 0 0 0 0 0 0 0 0 
385 2982 18984 129696 900237 5803413 34856934 0 0 0 0 0 0 0 0 0 0 0 0 
385 2877 19194 133476 906054 5823132 35239554 0 0 0 0 0 0 0 0 0 0 0 0 
385 2772 19404 135996 915567 5885943 35694099 0 0 0 0 0 0 0 0 0 0 0 0 
385 2877 19194 133266 905256 5823531 35259630 0 0 0 0 0 0 0 0 0 0 0 0 
385 2772 19404 135723 916155 5890899 35717745 0 0 0 0 0 0 0 0 0 0 0 0 
385 2667 19614 137256 928818 5976390 36270927 0 0 0 0 0 0 0 0 0 0 0 0 
385 2814 19320 134925 911829 5858454 35529606 0 0 0 0 0 0 0 0 0 0 0 0 
385 2919 19110 131628 903450 5819835 35120547 0 0 0 0 0 0 0 0 0 0 0 0 
385 2730 19488 136584 920187 5919606 35904540 0 0 0 0 0 0 0 0 0 0 0 0 
385 2877 19194 132846 907944 5840373 35291088 0 0 0 0 0 0 0 0 0 0 0 0 
385 2772 19404 135156 918045 5904738 35773899 0 0 0 0 0 0 0 0 0 0 0 0 
385 2751 19446 136080 918570 5907699 35823963 0 0 0 0 0 0 0 0 0 0 0 0 
385 2772 19404 135513 916743 5896443 35732949 0 0 0 0 0 0 0 0 0 0 0 0 
385 2793 19362 135282 914286 5877669 35624190 0 0 0 0 0 0 0 0 0 0 0 0 
385 2688 19572 136899 926487 5960262 36168027 0 0 0 0 0 0 0 0 0 0 0 0 
385 2793 19362 135702 912732 5866665 35582946 0 0 0 0 0 0 0 0 0 0 0 0 
385 2835 19278 134491 909918 5846862 35431459 0 0 0 0 0 0 0 0 0 0 0 0 
385 2730 19488 136381 921237 5924520 35938231 0 0 0 0 0 0 0 0 0 0 0 0 
385 2646 19656 137410 931779 5995080 36403276 0 0 0 0 0 0 0 0 0 0 0 0 
385 2751 19446 136150 918234 5905095 35814331 0 0 0 0 0 0 0 0 0 0 0 0 
385 2751 19446 135954 919158 5911185 35836647 0 0 0 0 0 0 0 0 0 0 0 0 
385 2772 19404 135513 916071 5891928 35745780 0 0 0 0 0 0 0 0 0 0 0 0 
385 2814 19320 135135 911157 5854989 35504532 0 0 0 0 0 0 0 0 0 0 0 0 
385 2793 19362 135492 913446 5871999 35602602 0 0 0 0 0 0 0 0 0 0 0 0 
385 2709 19530 136675 923568 5940480 36050098 0 0 0 0 0 0 0 0 0 0 0 0 
385 2730 19488 136591 920439 5920089 35912905 0 0 0 0 0 0 0 0 0 0 0 0 
385 2772 19404 135646 915987 5891193 35723023 0 0 0 0 0 0 0 0 0 0 0 0 
385 2877 19194 133756 905046 5811960 35232526 0 0 0 0 0 0 0 0 0 0 0 0 
385 2877 19194 133560 905676 5819961 35243838 0 0 0 0 0 0 0 0 0 0 0 0 
385 2898 19152 132279 905445 5828214 35198163 0 0 0 0 0 0 0 0 0 0 0 0 
385 3066 18816 127197 893517 5772417 34510770 0 0 0 0 0 0 0 0 0 0 0 0 
385 3171 18606 123270 888498 5767692 34109439 0 0 0 0 0 0 0 0 0 0 0 0 

