128

1     204 1428 5712 27132 157590 750822 3001452 11390816 0 0 0 0 0 0 0 

2     204 1326 5916 29614 160072 752522 3111493 11867632 0 0 0 0 0 0 0 

3     204 1207 6154 32266 163829 763351 3232210 12366531 0 0 0 0 0 0 0 

4     204 1173 6222 32946 165155 768621 3266737 12503024 0 0 0 0 0 0 0 

5     204 1156 6256 33150 166498 773976 3288344 12578164 0 0 0 0 0 0 0 

6     204 1156 6256 33320 165954 771664 3279266 12550318 0 0 0 0 0 0 0 

7     204 1139 6290 33388 167433 778566 3307758 12654001 0 0 0 0 0 0 0 

8     204 1207 6154 32266 163829 763351 3232210 12366531 0 0 0 0 0 0 0 

9     204 1139 6290 33422 167501 778498 3306704 12643053 0 0 0 0 0 0 0 

10     204 1139 6290 33422 167501 778498 3306704 12643053 0 0 0 0 0 0 0 

11     204 1173 6222 32946 165155 768621 3266737 12503024 0 0 0 0 0 0 0 

12     204 1139 6290 33422 167501 778498 3306704 12643053 0 0 0 0 0 0 0 

13     204 1122 6324 33660 168402 783139 3326101 12719757 0 0 0 0 0 0 0 

14     204 1122 6324 33456 168980 785400 3336607 12758891 0 0 0 0 0 0 0 

16     204 1428 5712 27132 157590 750822 3001452 11390816 0 0 0 0 0 0 0 

15     204 1258 6052 31246 162486 757197 3172523 12123465 0 0 0 0 0 0 0 

17     204 1173 6222 33082 165257 767261 3259274 12466304 0 0 0 0 0 0 0 

18     204 1122 6324 33660 168402 783139 3326101 12719757 0 0 0 0 0 0 0 

20     204 1139 6290 33422 167501 778498 3306704 12643053 0 0 0 0 0 0 0 

19     204 1122 6324 33456 168980 785400 3336607 12758891 0 0 0 0 0 0 0 

21     204 1105 6358 33728 169779 789276 3356548 12835255 0 0 0 0 0 0 0 

22     204 1258 6052 31246 162486 757197 3172523 12123465 0 0 0 0 0 0 0 

23     204 1156 6256 33354 166090 771630 3277906 12534253 0 0 0 0 0 0 0 

24     204 1173 6222 32946 165155 768621 3266737 12503024 0 0 0 0 0 0 0 

25     204 1326 5916 29614 160072 752522 3111493 11867632 0 0 0 0 0 0 0 

26     204 1173 6222 32946 165155 768621 3266737 12503024 0 0 0 0 0 0 0 

28     204 1139 6290 33422 167501 778498 3306704 12643053 0 0 0 0 0 0 0 

27     204 1122 6324 33660 168402 783139 3326101 12719757 0 0 0 0 0 0 0 

29     204 1207 6154 32334 164067 762858 3226379 12340793 0 0 0 0 0 0 0 

31     204 1207 6154 32334 164067 762858 3226379 12340793 0 0 0 0 0 0 0 

30     204 1156 6256 33354 166090 771630 3277906 12534253 0 0 0 0 0 0 0 

32     204 1326 5916 29614 160072 752522 3111493 11867632 0 0 0 0 0 0 0 

33     204 1122 6324 33456 168980 785400 3336607 12758891 0 0 0 0 0 0 0 

34     204 1156 6256 33354 166090 771630 3277906 12534253 0 0 0 0 0 0 0 

36     204 1258 6052 31246 162486 757197 3172523 12123465 0 0 0 0 0 0 0 

35     204 1156 6256 33320 165954 771664 3279266 12550318 0 0 0 0 0 0 0 

37     204 1207 6154 32266 163829 763351 3232210 12366531 0 0 0 0 0 0 0 

38     204 1139 6290 33388 167433 778566 3307758 12654001 0 0 0 0 0 0 0 

39     204 1139 6290 33388 167433 778566 3307758 12654001 0 0 0 0 0 0 0 

40     204 1139 6290 33388 167433 778566 3307758 12654001 0 0 0 0 0 0 0 

41     204 1139 6290 33422 167501 778498 3306704 12643053 0 0 0 0 0 0 0 

42     204 1173 6222 32946 165155 768621 3266737 12503024 0 0 0 0 0 0 0 

43     204 1326 5916 29614 160072 752522 3111493 11867632 0 0 0 0 0 0 0 

44     204 1122 6324 33660 168402 783139 3326101 12719757 0 0 0 0 0 0 0 

45     204 1173 6222 32946 165155 768621 3266737 12503024 0 0 0 0 0 0 0 

46     204 1207 6154 32266 163829 763351 3232210 12366531 0 0 0 0 0 0 0 

48     204 1156 6256 33150 166498 773976 3288344 12578164 0 0 0 0 0 0 0 

47     204 1156 6256 33354 166090 771630 3277906 12534253 0 0 0 0 0 0 0 

49     204 1173 6222 32878 165835 770899 3265122 12488387 0 0 0 0 0 0 0 

50     204 1156 6256 33150 166498 773976 3288344 12578164 0 0 0 0 0 0 0 

52     204 1428 5712 27132 157590 750822 3001452 11390816 0 0 0 0 0 0 0 

51     204 1173 6222 32878 165835 770899 3265122 12488387 0 0 0 0 0 0 0 

53     204 1156 6256 33320 165954 771664 3279266 12550318 0 0 0 0 0 0 0 

54     204 1139 6290 33388 167433 778566 3307758 12654001 0 0 0 0 0 0 0 

56     204 1207 6154 32266 163829 763351 3232210 12366531 0 0 0 0 0 0 0 

55     204 1156 6256 33150 166498 773976 3288344 12578164 0 0 0 0 0 0 0 

57     204 1428 5712 27132 157590 750822 3001452 11390816 0 0 0 0 0 0 0 

58     204 1207 6154 32266 163829 763351 3232210 12366531 0 0 0 0 0 0 0 

59     204 1173 6222 33082 165257 767261 3259274 12466304 0 0 0 0 0 0 0 

60     204 1122 6324 33456 168980 785400 3336607 12758891 0 0 0 0 0 0 0 

61     204 1258 6052 31246 162486 757197 3172523 12123465 0 0 0 0 0 0 0 

64     204 1156 6256 33320 165954 771664 3279266 12550318 0 0 0 0 0 0 0 

62     204 1139 6290 33388 167433 778566 3307758 12654001 0 0 0 0 0 0 0 

63     204 1105 6358 33728 169779 789276 3356548 12835255 0 0 0 0 0 0 0 

65     204 1173 6222 32878 165835 770899 3265122 12488387 0 0 0 0 0 0 0 

66     204 1173 6222 33082 165257 767261 3259274 12466304 0 0 0 0 0 0 0 

68     204 1122 6324 33660 168402 783139 3326101 12719757 0 0 0 0 0 0 0 

67     204 1156 6256 33150 166498 773976 3288344 12578164 0 0 0 0 0 0 0 

69     204 1173 6222 32878 165835 770899 3265122 12488387 0 0 0 0 0 0 0 

70     204 1173 6222 32878 165835 770899 3265122 12488387 0 0 0 0 0 0 0 

71     73     204 204 1122 6324 1156 33456 168980 6256 785400 3336607 12758891 0 0 0 0 0 33320 0 0 

165954 771664 3279266 12550318 0 0 0 0 0 0 0 

72     204 1122 6324 33456 168980 785400 3336607 12758891 0 0 0 0 0 0 0 

74     204 1428 5712 27132 157590 750822 3001452 11390816 0 0 0 0 0 0 0 

75     204 1156 6256 33354 166090 771630 3277906 12534253 0 0 0 0 0 0 0 

77     204 1173 6222 33082 165257 767261 3259274 12466304 0 0 0 0 0 0 0 

76     204 1326 5916 29614 160072 752522 3111493 11867632 0 0 0 0 0 0 0 

78     204 1173 6222 32878 165835 770899 3265122 12488387 0 0 0 0 0 0 0 

79     204 1105 6358 33728 169779 789276 3356548 12835255 0 0 0 0 0 0 0 

80     204 1173 6222 33082 165257 767261 3259274 12466304 0 0 0 0 0 0 0 

81     204 1173 6222 32878 165835 770899 3265122 12488387 0 0 0 0 0 0 0 

82     204 1122 6324 33456 168980 785400 3336607 12758891 0 0 0 0 0 0 0 

83     204 1428 5712 27132 157590 750822 3001452 11390816 0 0 0 0 0 0 0 

84     204 1139 6290 33422 167501 778498 3306704 12643053 0 0 0 0 0 0 0 

85     204 1173 6222 33082 165257 767261 3259274 12466304 0 0 0 0 0 0 0 

86     204 1428 5712 27132 157590 750822 3001452 11390816 0 0 0 0 0 0 0 

87     204 1326 5916 29614 160072 752522 3111493 11867632 0 0 0 0 0 0 0 

88     204 1139 6290 33422 167501 778498 3306704 12643053 0 0 0 0 0 0 0 

89     204 1156 6256 33320 165954 771664 3279266 12550318 0 0 0 0 0 0 0 

90     204 1207 6154 32266 163829 763351 3232210 12366531 0 0 0 0 0 0 0 

91     204 1258 6052 31246 162486 757197 3172523 12123465 0 0 0 0 0 0 0 

92     204 1173 6222 32946 165155 768621 3266737 12503024 0 0 0 0 0 0 0 

93     204 1105 6358 33728 169779 789276 3356548 12835255 0 0 0 0 0 0 0 

94     204 1156 6256 33150 166498 773976 3288344 12578164 0 0 0 0 0 0 0 

95     204 1207 6154 32334 164067 762858 3226379 12340793 0 0 0 0 0 0 0 

96     204 1122 6324 33660 168402 783139 3326101 12719757 0 0 0 0 0 0 0 

97     204 1173 6222 33082 165257 767261 3259274 12466304 0 0 0 0 0 0 0 

98     204 1105 6358 33728 169779 789276 3356548 12835255 0 0 0 0 0 0 0 

99     204 1105 6358 33728 169779 789276 3356548 12835255 0 0 0 0 0 0 0 

100     204 1207 6154 32334 164067 762858 3226379 12340793 0 0 0 0 0 0 0 

101     204 1428 5712 27132 157590 750822 3001452 11390816 0 0 0 0 0 0 0 

102     204 1156 6256 33150 166498 773976 3288344 12578164 0 0 0 0 0 0 0 

103     204 1258 6052 31246 162486 757197 3172523 12123465 0 0 0 0 0 0 0 

104     204 1156 6256 33354 166090 771630 3277906 12534253 0 0 0 0 0 0 0 

105     204 1122 6324 33660 168402 783139 3326101 12719757 0 0 0 0 0 0 0 

106     204 1258 6052 31246 162486 757197 3172523 12123465 0 0 0 0 0 0 0 

107     204 1207 6154 32334 164067 762858 3226379 12340793 0 0 0 0 0 0 0 

109     204 1326 5916 29614 160072 752522 3111493 11867632 0 0 0 0 0 0 0 

108     204 1207 6154 32334 164067 762858 3226379 12340793 0 0 0 0 0 0 0 

111     204 1207 6154 32334 164067 762858 3226379 12340793 0 0 0 0 0 110     204 0 0 

1156 6256 33320 165954 771664 3279266 12550318 0 0 0 0 0 0 0 

112     204 1105 6358 33728 169779 789276 3356548 12835255 0 0 0 0 0 0 0 

113     204 1173 6222 32878 165835 770899 3265122 12488387 0 0 0 0 0 0 0 

114     204 1156 6256 33320 165954 771664 3279266 12550318 0 0 0 0 0 0 0 

115     204 1173 6222 33082 165257 767261 3259274 12466304 0 0 0 0 0 0 0 

116     204 1326 5916 29614 160072 752522 3111493 11867632 0 0 0 0 0 0 0 

117     204 1122 6324 33456 168980 785400 3336607 12758891 0 0 0 0 0 0 0 

118     204 1207 6154 32266 163829 763351 3232210 12366531 0 0 0 0 0 0 0 

119     204 1122 6324 33660 168402 783139 3326101 12719757 0 0 0 0 0 0 0 

120     204 1173 6222 32946 165155 768621 3266737 12503024 0 0 0 0 0 0 0 


121     204 1156 6256 33150 166498 773976 3288344 12578164 0 0 0 0 0 0 0 

122     204 1139 6290 33388 167433 778566 3307758 12654001 0 0 0 0 0 0 0 

124     204 1156 6256 33354 166090 771630 3277906 12534253 0 0 0 0 0 0 0 

123     204 1105 6358 33728 169779 789276 3356548 12835255 0 0 0 0 0 0 0 

125     204 1156 6256 33354 166090 771630 3277906 12534253 0 0 0 0 0 0 0 

126     204 1139 6290 33388 167433 778566 3307758 12654001 0 0 0 0 0 0 0 

127     204 1207 6154 32334 164067 762858 3226379 12340793 0 0 0 0 0 0 0 

128     204 1258 6052 31246 162486 757197 3172523 12123465 0 0 0 0 0 0 0 

