 class = 256

1     285 2280 10488 57456 391362 2228472 10807884 50725744 224515210 872895188 0 0 0 0 0 0 0
2     285 2147 10754 61598 395941 2226344 11102517 52415300 229037590 889139162 0 0 0 0 0 0 0
4     285 1919 11210 68210 405593 2250360 11577821 54970097 237674933 921070505 0 0 0 0 0 0 0
5     285 1881 11286 68932 408671 2266225 11667216 55404532 239426505 927272029 0 0 0 0 0 0 0
8     285 1862 11324 69635 408690 2265750 11692106 55552827 240097034 930133505 0 0 0 0 0 0 0
3     285 1976 11096 66652 402838 2240100 11460116 54363902 235395731 912553565 0 0 0 0 0 0 0
6     285 1862 11324 69635 408690 2265750 11692106 55552827 240097034 930133505 0 0 0 0 0 0 0
7     285 1805 11438 70376 414143 2295485 11853416 56312694 243228519 941555127 0 0 0 0 0 0 0
9     285 1824 11400 69920 413364 2291438 11810932 56095068 242235199 937493497 0 0 0 0 0 0 0
10     285 1805 11438 70376 414409 2297005 11851440 56291680 243071123 940661082 0 0 0 0 0 0 0
13     285 1824 11400 70300 412148 2284218 11781976 55978104 241809428 936172712 0 0 0 0 0 0 0
12     285 1805 11438 70509 413991 2294801 11839812 56244446 242909110 940202289 0 0 0 0 0 0 0
16     285 2147 10754 61598 395941 2226344 11102517 52415300 229037590 889139162 0 0 0 0 0 0 0
11     285 1862 11324 69711 409184 2265997 11685361 55502268 239760316 928191591 0 0 0 0 0 0 0
14     285 1805 11438 70243 415017 2300102 11860332 56321377 243151873 940724390 0 0 0 0 0 0 0 
15     285 1976 11096 66785 403218 2238979 11445220 54296148 235045333 910384487 0 0 0 0 0 0 0 
17     285 1881 11286 69445 407721 2256003 11640426 55269499 238654820 923908345 0 0 0 0 0 0 0 
20     285 1767 11514 70851 417905 2316575 11960177 56811881 245304592 949054180 0 0 0 0 0 0 0 
18     285 1805 11438 70509 413991 2294801 11839812 56244446 242909110 940202289 0 0 0 0 0 0 0 
21     285 1767 11514 70851 417905 2316575 11960177 56811881 245304592 949054180 0 0 0 0 0 0 0 
19     285 1767 11514 70851 418095 2317221 11962077 56805402 245198895 948388990 0 0 0 0 0 0 0 
22     285 1919 11210 68210 405593 2250360 11577821 54970097 237674933 921070505 0 0 0 0 0 0 0 
24     285 1881 11286 68932 408671 2266225 11667216 55404532 239426505 927272029 0 0 0 0 0 0 0 
23     285 1881 11286 69445 407721 2256003 11640426 55269499 238654820 923908345 0 0 0 0 0 0 0 
25     285 1881 11286 68932 408671 2266225 11667216 55404532 239426505 927272029 0 0 0 0 0 0 0 
28     285 1881 11286 69445 407721 2256003 11640426 55269499 238654820 923908345 0 0 0 0 0 0 0 
29     285 1824 11400 70300 412414 2284693 11785738 55972822 241701546 935409767 0 0 0 0 0 0 0 
26     285 1805 11438 70376 414143 2295485 11853416 56312694 243228519 941555127 0 0 0 0 0 0 0 
32     285 2280 10488 57456 391362 2228472 10807884 50725744 224515210 872895188 0 0 0 0 0 0 0 
27     285 1767 11514 70851 417905 2316575 11960177 56811881 245304592 949054180 0 0 0 0 0 0 0
31     285 2052 10944 64581 400292 2231227 11285354 53445765 232097863 898911185 0 0 0 0 0 0 0 
30     285 1862 11324 69445 410134 2272229 11701473 55561396 239968746 928739646 0 0 0 0 0 0 0 